      0/49     20.1G   0.06402    0.1545         0    0.2185        10      1280     0.446      0.26    0.2637   0.09877   0.07509   0.02121         0
      1/49     20.7G   0.04111  0.007975         0   0.04909        15      1280    0.7698    0.6821    0.7635     0.465   0.05314   0.01762         0
      2/49     20.7G   0.03375  0.006823         0   0.04057        17      1280    0.8023    0.7863    0.8524    0.5646   0.04662   0.01755         0
      3/49     20.7G   0.02918  0.005987         0   0.03517        12      1280    0.8446    0.8407    0.9009    0.6401   0.04073   0.01701         0
      4/49     20.7G   0.02595  0.005512         0   0.03146         6      1280     0.853    0.8776     0.917    0.6695    0.0381   0.01737         0
      5/49     20.7G   0.02425  0.005248         0    0.0295         7      1280    0.8716    0.8401    0.9208    0.6724   0.03664    0.0176         0
      6/49     20.7G   0.02331  0.005072         0   0.02839        14      1280     0.875    0.8515    0.9245    0.6846   0.03513   0.01791         0
      7/49     20.7G   0.02236  0.004905         0   0.02727         4      1280    0.8733    0.8762    0.9367    0.6959   0.03427   0.01837         0
      8/49     20.7G   0.02186  0.004781         0   0.02664         8      1280    0.8808     0.903    0.9465    0.7117   0.03314   0.01853         0
      9/49     20.7G   0.02127  0.004672         0   0.02594         3      1280    0.8568    0.8974    0.9415    0.7099   0.03276   0.01912         0
     10/49     20.7G   0.02091  0.004553         0   0.02547         4      1280    0.8917    0.8747      0.94    0.7108   0.03228   0.01908         0
     11/49     20.7G    0.0205   0.00454         0   0.02504         9      1280    0.8482    0.9082    0.9317    0.7067   0.03194   0.01952         0
     12/49     20.7G    0.0202  0.004552         0   0.02475         2      1280    0.8857    0.8847    0.9458    0.7195   0.03096   0.01964         0
     13/49     20.7G   0.01985  0.004474         0   0.02432         7      1280    0.8783     0.893    0.9432    0.7146   0.03047   0.02054         0
     14/49     20.7G    0.0195  0.004407         0    0.0239        13      1280    0.8872    0.8787    0.9423    0.7119   0.03025   0.02094         0
     15/49     20.7G   0.01927  0.004386         0   0.02365         9      1280    0.8774    0.8807     0.941    0.7153   0.02954   0.02103         0
     16/49     20.7G   0.01904  0.004361         0    0.0234         7      1280    0.8731     0.893    0.9407    0.7171   0.03017   0.02115         0
     17/49     20.7G   0.01874  0.004228         0   0.02297        20      1280    0.8727    0.8925    0.9421     0.718   0.02923    0.0213         0
     18/49     20.7G   0.01837  0.004166         0   0.02254         5      1280    0.8877    0.8918     0.951    0.7273   0.02861   0.02183         0
     19/49     20.7G   0.01821  0.004131         0   0.02234         6      1280    0.8896    0.8764    0.9444    0.7224   0.02838   0.02188         0
     20/49     20.7G   0.01798  0.004065         0   0.02204         0      1280    0.8769     0.885    0.9479    0.7241   0.02842   0.02252         0
     21/49     20.7G   0.01779  0.004055         0   0.02184        16      1280    0.8857    0.8735    0.9427    0.7204   0.02828   0.02268         0
     22/49     20.7G   0.01754  0.003948         0   0.02149         8      1280    0.8818    0.8792    0.9411    0.7188   0.02798   0.02296         0
     23/49     20.7G   0.01726  0.003958         0   0.02122         7      1280     0.887    0.8781    0.9445    0.7214   0.02768   0.02304         0
     24/49     20.7G   0.01706   0.00392         0   0.02098         5      1280    0.8985    0.8664    0.9476    0.7232    0.0277   0.02346         0
     25/49     20.7G   0.01686  0.003841         0   0.02071         4      1280    0.8847    0.8762    0.9451    0.7268   0.02744    0.0238         0
     26/49     20.7G   0.01666  0.003843         0    0.0205         4      1280    0.8641    0.8924    0.9432    0.7299    0.0273   0.02379         0
     27/49     20.7G   0.01652  0.003791         0   0.02032         5      1280    0.8904    0.8685    0.9448     0.729   0.02736   0.02395         0
     28/49     20.7G   0.01623  0.003786         0   0.02001         8      1280    0.8864     0.866    0.9407    0.7231   0.02725   0.02398         0
     29/49     20.7G   0.01604  0.003726         0   0.01977         7      1280    0.8842    0.8696    0.9413    0.7241   0.02712   0.02417         0
     30/49     20.7G    0.0159  0.003659         0   0.01956         4      1280    0.8783    0.8748    0.9422    0.7248   0.02699   0.02446         0
     31/49     20.7G   0.01582   0.00367         0   0.01949        19      1280    0.8591    0.8978     0.943    0.7253   0.02697   0.02455         0
     32/49     20.7G   0.01554  0.003637         0   0.01917         3      1280     0.857    0.8999    0.9439    0.7262   0.02694    0.0247         0
     33/49     20.7G   0.01538  0.003589         0   0.01897         3      1280     0.861     0.894    0.9432    0.7253   0.02689   0.02485         0
     34/49     20.7G   0.01508  0.003561         0   0.01864         7      1280    0.8653    0.8891    0.9429    0.7249   0.02683   0.02501         0
     35/49     20.7G   0.01491  0.003515         0   0.01843         6      1280    0.8673    0.8829    0.9422    0.7253   0.02678   0.02517         0
     36/49     20.7G   0.01471  0.003485         0   0.01819         3      1280    0.8575    0.8949    0.9422    0.7251   0.02676   0.02528         0
     37/49     20.7G   0.01463  0.003435         0   0.01806        15      1280    0.8559    0.8953    0.9413     0.725   0.02673   0.02539         0
     38/49     20.7G    0.0145  0.003402         0    0.0179         8      1280    0.8586    0.8901      0.94    0.7238   0.02672   0.02552         0
     39/49     20.7G   0.01434  0.003346         0   0.01769        12      1280    0.8572     0.891    0.9394    0.7232    0.0267    0.0256         0
     40/49     20.7G   0.01424  0.003343         0   0.01758         9      1280    0.8604    0.8861    0.9386    0.7225   0.02667    0.0257         0
     41/49     20.7G   0.01402  0.003319         0   0.01734         9      1280    0.8551     0.891    0.9382    0.7221   0.02667   0.02581         0
     42/49     20.7G   0.01384  0.003281         0   0.01712         3      1280    0.8574    0.8877    0.9377    0.7216   0.02666   0.02594         0
     43/49     20.7G   0.01377  0.003303         0   0.01708        12      1280    0.8542    0.8911    0.9377    0.7219   0.02665   0.02602         0
     44/49     20.7G   0.01354  0.003244         0   0.01679         5      1280    0.8625    0.8834    0.9377    0.7224   0.02664   0.02609         0
     45/49     20.7G   0.01356  0.003227         0   0.01679         1      1280    0.8515    0.8953    0.9377    0.7225   0.02664   0.02615         0
     46/49     20.7G   0.01344  0.003193         0   0.01663        15      1280    0.8518    0.8959    0.9382    0.7231   0.02663   0.02622         0
     47/49     20.7G   0.01343    0.0032         0   0.01663        10      1280    0.8531    0.8947     0.938    0.7232   0.02663   0.02627         0
     48/49     20.7G   0.01332  0.003159         0   0.01648        22      1280    0.8527    0.8958    0.9378    0.7233   0.02662   0.02632         0
     49/49     20.7G   0.01322  0.003157         0   0.01638        11      1280    0.8533    0.8945    0.9374    0.7231   0.02661   0.02636         0
