2,1,591.33,91.08,67.33,61.50,0.46,-1,-1,-1
3,1,573.33,108.08,73.33,72.58,0.43,-1,-1,-1
4,1,534.67,127.42,93.33,102.92,0.50,-1,-1,-1
4,2,366.67,136.92,101.33,83.92,0.46,-1,-1,-1
5,3,257.67,178.50,135.67,104.67,0.48,-1,-1,-1
5,4,457.00,171.83,130.00,129.00,0.47,-1,-1,-1
5,5,582.67,98.83,70.67,70.83,0.46,-1,-1,-1
5,6,468.00,82.62,85.33,75.21,0.40,-1,-1,-1
6,6,429.00,94.25,97.33,84.08,0.47,-1,-1,-1
6,7,542.67,125.75,88.00,86.58,0.48,-1,-1,-1
6,8,30.17,270.67,216.00,150.67,0.47,-1,-1,-1
6,9,249.17,282.83,239.50,236.50,0.47,-1,-1,-1
7,7,565.33,124.67,74.00,66.17,0.44,-1,-1,-1
7,10,370.67,110.58,114.00,99.08,0.50,-1,-1,-1
7,11,463.33,175.00,123.33,120.67,0.47,-1,-1,-1
7,12,525.00,78.50,68.67,50.33,0.44,-1,-1,-1
8,7,243.67,298.33,236.67,222.00,0.46,-1,-1,-1
8,11,498.67,173.33,97.33,96.67,0.48,-1,-1,-1
8,12,497.00,91.83,75.33,56.17,0.47,-1,-1,-1
8,13,288.00,133.17,147.33,123.33,0.48,-1,-1,-1
9,12,458.33,109.00,86.67,67.17,0.47,-1,-1,-1
9,14,334.00,285.50,172.67,168.17,0.47,-1,-1,-1
9,15,162.33,173.50,196.00,162.00,0.46,-1,-1,-1
10,12,403.33,133.17,107.33,81.33,0.49,-1,-1,-1
10,16,579.67,96.67,78.00,68.67,0.47,-1,-1,-1
10,17,0.25,253.00,217.42,246.67,0.44,-1,-1,-1
11,12,315.67,166.83,140.67,99.67,0.51,-1,-1,-1
11,18,523.33,130.17,103.33,91.67,0.48,-1,-1,-1
12,12,175.67,224.67,196.67,137.33,0.47,-1,-1,-1
12,19,425.00,194.33,146.67,123.00,0.51,-1,-1,-1
15,20,475.00,89.92,78.67,59.67,0.44,-1,-1,-1
16,21,543.33,124.17,80.67,76.83,0.49,-1,-1,-1
16,22,388.67,119.92,105.33,83.25,0.48,-1,-1,-1
16,23,966.67,339.67,206.67,170.00,0.45,-1,-1,-1
17,24,458.67,174.33,114.00,103.00,0.49,-1,-1,-1
17,25,231.67,176.17,160.67,114.67,0.47,-1,-1,-1
17,26,897.33,177.33,106.67,98.00,0.45,-1,-1,-1
18,27,1062.00,391.33,218.00,216.00,0.47,-1,-1,-1
18,28,0.42,295.50,184.92,207.83,0.47,-1,-1,-1
18,29,264.50,286.00,203.50,185.33,0.46,-1,-1,-1
18,30,356.00,140.17,102.67,79.00,0.44,-1,-1,-1
19,31,921.33,198.17,121.33,92.00,0.47,-1,-1,-1
19,32,139.08,222.33,172.58,130.67,0.47,-1,-1,-1
19,33,583.67,99.33,66.00,55.67,0.44,-1,-1,-1
19,34,1124.67,587.00,155.33,133.00,0.43,-1,-1,-1
20,35,964.67,284.33,144.00,116.67,0.52,-1,-1,-1
20,36,518.67,140.50,94.67,82.00,0.49,-1,-1,-1
21,37,380.67,224.00,156.00,136.33,0.48,-1,-1,-1
21,38,898.67,176.50,89.33,71.67,0.44,-1,-1,-1
22,39,1049.33,372.33,225.33,175.33,0.49,-1,-1,-1
22,40,0.00,488.33,305.67,225.67,0.47,-1,-1,-1
23,41,949.33,213.17,122.67,93.00,0.47,-1,-1,-1
24,42,896.67,144.00,82.67,60.67,0.40,-1,-1,-1
25,43,617.67,119.33,75.67,73.67,0.48,-1,-1,-1
25,44,1002.67,327.67,205.33,163.33,0.48,-1,-1,-1
26,43,620.67,124.50,87.33,76.67,0.46,-1,-1,-1
26,45,912.00,191.00,110.67,92.67,0.47,-1,-1,-1
27,43,624.67,127.92,96.00,79.75,0.46,-1,-1,-1
27,46,1121.33,485.33,158.67,227.33,0.47,-1,-1,-1
28,43,632.67,132.75,102.67,80.75,0.48,-1,-1,-1
28,47,971.33,258.00,141.33,107.67,0.52,-1,-1,-1
29,43,642.67,137.08,109.33,82.58,0.47,-1,-1,-1
29,48,910.67,166.58,88.00,70.42,0.46,-1,-1,-1
29,49,828.00,70.21,44.00,37.21,0.45,-1,-1,-1
30,43,653.33,140.67,116.00,86.33,0.47,-1,-1,-1
30,50,1114.67,510.67,165.33,207.33,0.41,-1,-1,-1
31,43,667.33,148.17,121.33,85.00,0.48,-1,-1,-1
31,51,962.00,257.67,132.00,103.00,0.50,-1,-1,-1
31,52,491.67,86.50,72.00,52.83,0.44,-1,-1,-1
32,43,682.67,154.83,132.00,84.67,0.48,-1,-1,-1
32,53,364.67,135.17,115.33,86.33,0.47,-1,-1,-1
32,54,896.00,164.17,82.67,64.00,0.45,-1,-1,-1
33,43,731.33,166.83,146.67,90.33,0.49,-1,-1,-1
33,55,28.33,259.67,254.33,190.67,0.48,-1,-1,-1
34,43,822.00,190.67,170.67,96.00,0.47,-1,-1,-1
35,43,970.67,217.83,185.33,100.33,0.47,-1,-1,-1
36,56,689.33,115.83,128.00,67.33,0.46,-1,-1,-1
36,57,1154.67,245.67,125.33,91.00,0.46,-1,-1,-1
37,58,770.67,119.92,120.00,65.92,0.44,-1,-1,-1
38,59,1130.67,584.00,149.33,136.00,0.43,-1,-1,-1
39,60,974.67,300.83,164.00,131.83,0.47,-1,-1,-1
40,61,914.00,198.17,109.33,87.00,0.45,-1,-1,-1
41,62,1023.33,381.00,222.67,177.33,0.47,-1,-1,-1
42,63,942.67,234.17,124.00,96.33,0.48,-1,-1,-1
43,64,892.67,170.17,90.67,67.33,0.46,-1,-1,-1
44,65,291.50,466.00,346.50,254.00,0.46,-1,-1,-1
45,66,102.92,292.67,223.08,168.00,0.47,-1,-1,-1
46,67,0.00,188.67,130.83,114.67,0.50,-1,-1,-1
46,68,1000.00,332.50,192.00,142.50,0.47,-1,-1,-1
47,69,222.67,463.67,342.00,256.33,0.46,-1,-1,-1
47,70,893.33,175.17,100.00,71.33,0.42,-1,-1,-1
48,71,70.33,305.33,224.67,156.67,0.48,-1,-1,-1
48,72,836.00,111.58,66.67,48.00,0.40,-1,-1,-1
49,73,0.04,208.67,120.13,108.00,0.47,-1,-1,-1
50,74,140.25,459.33,292.08,258.00,0.46,-1,-1,-1
51,75,1043.33,405.33,236.00,215.33,0.49,-1,-1,-1
51,76,11.08,284.17,184.25,145.50,0.47,-1,-1,-1
52,77,908.67,205.67,117.33,93.33,0.46,-1,-1,-1
52,78,0.15,182.17,59.44,100.67,0.41,-1,-1,-1
53,79,239.17,400.00,280.17,230.67,0.48,-1,-1,-1
53,80,847.33,129.67,73.33,56.17,0.44,-1,-1,-1
54,81,80.33,257.50,193.33,134.50,0.48,-1,-1,-1
54,82,811.33,88.33,54.67,45.83,0.41,-1,-1,-1
55,83,0.00,178.33,106.08,92.33,0.49,-1,-1,-1
55,84,337.83,406.67,292.83,224.67,0.48,-1,-1,-1
56,85,142.42,270.00,210.58,129.33,0.47,-1,-1,-1
57,86,13.38,190.50,144.29,94.00,0.48,-1,-1,-1
58,87,911.33,218.33,138.67,103.67,0.47,-1,-1,-1
59,88,830.67,134.17,84.00,70.00,0.44,-1,-1,-1
61,89,969.33,319.17,216.00,169.83,0.48,-1,-1,-1
61,90,367.33,432.00,319.33,237.33,0.47,-1,-1,-1
62,91,152.42,288.50,230.25,148.50,0.48,-1,-1,-1
62,92,878.00,182.17,116.00,95.00,0.48,-1,-1,-1
63,93,9.29,205.00,162.88,105.00,0.52,-1,-1,-1
63,94,828.00,123.00,77.33,61.00,0.45,-1,-1,-1
64,95,793.33,86.67,58.67,47.17,0.43,-1,-1,-1
64,96,0.00,149.92,37.79,70.42,0.42,-1,-1,-1
67,97,1213.33,207.17,66.67,102.33,0.41,-1,-1,-1
68,98,1091.33,226.17,170.67,111.33,0.51,-1,-1,-1
69,99,933.33,245.83,212.00,142.17,0.46,-1,-1,-1
70,100,716.00,280.00,276.00,205.33,0.41,-1,-1,-1
72,101,1145.33,150.08,134.67,179.92,0.40,-1,-1,-1
73,101,1025.33,152.67,252.00,209.33,0.44,-1,-1,-1
74,101,842.67,149.17,433.33,270.83,0.38,-1,-1,-1
75,101,558.00,163.67,564.00,406.67,0.25,-1,-1,-1
92,102,577.00,88.92,80.67,77.33,0.42,-1,-1,-1
94,103,472.67,141.17,130.67,126.33,0.50,-1,-1,-1
97,104,329.33,158.33,128.00,96.33,0.46,-1,-1,-1
97,105,582.00,91.50,73.33,75.00,0.44,-1,-1,-1
98,106,535.33,114.00,92.00,97.00,0.48,-1,-1,-1
98,107,303.83,127.17,105.17,83.00,0.48,-1,-1,-1
98,108,121.00,236.83,202.33,151.83,0.47,-1,-1,-1
98,109,525.00,81.17,64.67,47.17,0.43,-1,-1,-1
99,110,213.83,160.83,140.17,103.00,0.49,-1,-1,-1
99,111,452.67,154.33,126.67,127.33,0.49,-1,-1,-1
99,112,474.00,103.67,80.00,54.83,0.47,-1,-1,-1
100,113,405.00,133.25,104.00,73.08,0.48,-1,-1,-1
100,114,57.08,216.50,194.58,137.83,0.48,-1,-1,-1
100,115,267.17,245.00,215.50,227.33,0.46,-1,-1,-1
101,116,304.83,173.67,142.50,98.67,0.51,-1,-1,-1
101,117,921.33,277.33,172.00,138.67,0.46,-1,-1,-1
102,118,133.83,249.33,209.50,149.33,0.48,-1,-1,-1
103,119,487.00,163.50,112.00,94.33,0.47,-1,-1,-1
104,120,280.33,296.67,215.33,182.67,0.46,-1,-1,-1
104,121,592.33,99.08,65.33,57.50,0.43,-1,-1,-1
105,122,529.67,143.50,96.00,86.00,0.48,-1,-1,-1
106,123,383.33,241.67,166.67,147.33,0.46,-1,-1,-1
107,124,396.00,130.83,101.33,87.33,0.44,-1,-1,-1
108,125,183.33,215.67,178.33,140.67,0.47,-1,-1,-1
109,126,1028.67,407.33,240.00,199.33,0.46,-1,-1,-1
110,127,929.33,222.33,121.33,92.33,0.48,-1,-1,-1
111,128,862.00,255.00,138.67,112.00,0.52,-1,-1,-1
112,129,795.33,145.08,77.33,60.92,0.42,-1,-1,-1
116,130,978.67,299.50,166.67,129.83,0.50,-1,-1,-1
117,131,886.00,156.67,80.00,66.67,0.46,-1,-1,-1
121,132,1045.33,408.00,234.67,242.67,0.47,-1,-1,-1
122,133,915.33,194.33,120.00,102.33,0.50,-1,-1,-1
124,134,1031.33,381.33,248.00,207.33,0.45,-1,-1,-1
125,135,911.33,182.33,109.33,96.00,0.48,-1,-1,-1
127,136,1042.67,370.67,228.00,186.00,0.47,-1,-1,-1
128,137,914.00,164.08,90.67,75.58,0.41,-1,-1,-1
130,138,193.33,380.00,240.00,184.00,0.49,-1,-1,-1
131,139,80.58,266.33,176.42,123.00,0.48,-1,-1,-1
132,140,0.00,189.33,125.83,90.33,0.50,-1,-1,-1
133,141,120.17,244.33,285.83,306.67,0.40,-1,-1,-1
134,142,32.50,167.92,202.83,200.75,0.47,-1,-1,-1
136,143,215.67,405.33,254.00,199.33,0.47,-1,-1,-1
137,144,80.50,258.50,169.67,118.17,0.47,-1,-1,-1
138,145,127.83,434.67,302.83,252.00,0.48,-1,-1,-1
138,146,0.00,181.83,111.83,79.67,0.48,-1,-1,-1
139,147,0.00,272.50,169.08,136.17,0.45,-1,-1,-1
140,148,1034.00,344.00,221.33,178.00,0.49,-1,-1,-1
140,149,0.00,170.17,30.08,96.00,0.40,-1,-1,-1
141,150,936.00,212.33,126.67,101.67,0.48,-1,-1,-1
143,151,1129.33,535.33,150.67,183.33,0.46,-1,-1,-1
144,152,980.67,286.50,173.33,138.17,0.47,-1,-1,-1
145,153,914.67,181.00,106.67,95.33,0.47,-1,-1,-1
185,154,461.33,103.92,82.67,58.50,0.43,-1,-1,-1
186,155,418.67,121.92,94.67,71.08,0.47,-1,-1,-1
187,156,346.33,153.75,122.67,86.92,0.47,-1,-1,-1
188,157,227.33,202.67,165.67,114.67,0.48,-1,-1,-1
189,158,0.92,298.67,256.75,178.67,0.48,-1,-1,-1
189,159,533.00,127.33,82.00,81.67,0.42,-1,-1,-1
190,160,479.33,147.42,105.33,122.25,0.47,-1,-1,-1
191,161,379.33,201.83,148.67,170.50,0.47,-1,-1,-1
191,162,543.33,129.00,89.33,80.00,0.45,-1,-1,-1
192,163,490.33,165.75,110.00,99.25,0.49,-1,-1,-1
192,164,421.00,126.75,97.33,77.58,0.47,-1,-1,-1
192,165,136.08,331.50,269.58,281.83,0.43,-1,-1,-1
193,166,336.50,162.67,128.17,91.67,0.48,-1,-1,-1
193,167,384.67,230.33,157.33,132.33,0.48,-1,-1,-1
193,168,546.33,134.17,88.00,75.67,0.47,-1,-1,-1
193,169,617.33,73.88,55.33,49.62,0.41,-1,-1,-1
194,170,141.08,373.33,283.58,254.67,0.48,-1,-1,-1
194,171,488.67,176.33,111.33,100.67,0.47,-1,-1,-1
194,172,592.00,89.42,66.67,60.83,0.47,-1,-1,-1
194,173,451.33,92.67,90.00,85.67,0.46,-1,-1,-1
194,174,178.17,231.17,188.50,134.50,0.46,-1,-1,-1
195,175,558.00,112.75,78.00,76.58,0.50,-1,-1,-1
195,176,396.67,112.25,112.00,96.75,0.49,-1,-1,-1
195,177,503.67,87.33,68.67,50.33,0.46,-1,-1,-1
195,178,360.33,261.00,174.00,162.00,0.44,-1,-1,-1
196,179,498.67,147.33,104.00,102.00,0.49,-1,-1,-1
196,180,467.00,103.08,81.33,59.50,0.49,-1,-1,-1
196,181,309.00,139.33,148.00,120.33,0.48,-1,-1,-1
197,182,382.67,213.50,157.33,153.17,0.49,-1,-1,-1
197,183,416.00,123.92,96.00,68.58,0.48,-1,-1,-1
197,184,162.17,188.00,209.83,162.33,0.48,-1,-1,-1
198,185,337.33,155.42,123.33,87.58,0.49,-1,-1,-1
198,186,1062.67,399.67,217.33,193.33,0.48,-1,-1,-1
199,187,948.67,222.17,118.67,93.67,0.49,-1,-1,-1
199,188,212.17,203.33,171.17,117.33,0.48,-1,-1,-1
200,189,0.00,299.33,239.33,189.33,0.50,-1,-1,-1
200,190,551.33,111.33,82.00,79.17,0.47,-1,-1,-1
200,191,1133.33,559.67,146.67,160.33,0.46,-1,-1,-1
200,192,413.67,122.75,98.00,71.58,0.45,-1,-1,-1
201,193,968.67,280.67,157.33,125.33,0.51,-1,-1,-1
201,194,419.67,177.17,138.67,130.00,0.48,-1,-1,-1
201,195,304.33,165.83,136.67,100.33,0.46,-1,-1,-1
202,196,96.58,247.33,217.75,147.67,0.47,-1,-1,-1
202,197,900.00,175.67,92.00,73.33,0.47,-1,-1,-1
202,198,499.00,144.67,116.67,113.33,0.46,-1,-1,-1
202,199,406.00,134.42,94.67,64.08,0.46,-1,-1,-1
203,200,290.33,172.33,136.67,99.33,0.49,-1,-1,-1
203,201,465.33,96.50,82.00,66.33,0.46,-1,-1,-1
203,202,258.67,273.50,234.67,216.50,0.46,-1,-1,-1
204,203,1016.67,364.67,214.67,172.67,0.49,-1,-1,-1
204,204,394.33,125.83,106.00,78.83,0.48,-1,-1,-1
204,205,535.00,135.83,90.00,86.33,0.47,-1,-1,-1
204,206,64.67,265.33,223.00,159.33,0.47,-1,-1,-1
205,207,263.50,172.17,155.50,114.33,0.50,-1,-1,-1
205,208,380.33,234.33,161.33,137.00,0.48,-1,-1,-1
205,209,918.67,210.67,110.67,85.33,0.47,-1,-1,-1
205,210,473.33,100.92,79.33,57.50,0.46,-1,-1,-1
206,211,399.67,131.83,103.33,75.00,0.49,-1,-1,-1
206,212,1028.00,392.00,252.00,213.33,0.48,-1,-1,-1
206,213,0.75,543.00,282.92,171.67,0.47,-1,-1,-1
206,214,1.08,279.33,256.58,200.67,0.44,-1,-1,-1
206,215,862.00,140.50,74.67,56.33,0.40,-1,-1,-1
207,216,268.67,181.00,151.33,106.33,0.50,-1,-1,-1
207,217,922.67,213.00,136.00,106.67,0.49,-1,-1,-1
207,218,453.00,34.62,108.00,113.71,0.40,-1,-1,-1
208,219,328.67,67.92,156.67,138.08,0.48,-1,-1,-1
208,220,5.00,287.00,259.83,180.67,0.48,-1,-1,-1
208,221,566.67,103.00,75.33,64.50,0.45,-1,-1,-1
209,222,494.00,147.50,110.00,92.00,0.48,-1,-1,-1
209,223,79.83,128.33,265.50,192.33,0.44,-1,-1,-1
210,224,327.33,237.83,192.67,150.83,0.47,-1,-1,-1
211,225,2.83,462.67,270.67,248.00,0.48,-1,-1,-1
219,226,1032.67,350.67,197.33,154.67,0.47,-1,-1,-1
220,227,945.33,214.33,113.33,89.00,0.48,-1,-1,-1
220,228,314.67,523.33,318.67,194.67,0.46,-1,-1,-1
221,229,124.17,302.67,215.67,160.67,0.47,-1,-1,-1
222,230,0.21,191.83,119.96,95.33,0.49,-1,-1,-1
223,231,1124.00,324.67,156.00,126.00,0.47,-1,-1,-1
223,232,359.33,601.00,290.67,119.00,0.42,-1,-1,-1
224,233,158.33,372.33,257.33,193.33,0.49,-1,-1,-1
225,234,981.33,362.67,208.00,185.33,0.49,-1,-1,-1
225,235,13.00,242.33,178.33,118.67,0.47,-1,-1,-1
226,236,891.33,194.67,101.33,79.00,0.48,-1,-1,-1
226,237,0.00,163.83,49.75,83.67,0.42,-1,-1,-1
228,238,246.17,403.33,309.83,252.67,0.45,-1,-1,-1
229,239,59.92,256.83,215.42,153.50,0.47,-1,-1,-1
229,240,1170.00,328.00,110.00,140.00,0.47,-1,-1,-1
230,241,0.00,178.67,84.83,95.00,0.46,-1,-1,-1
230,242,1058.67,222.50,137.33,94.67,0.46,-1,-1,-1
231,243,119.17,353.00,238.83,202.67,0.49,-1,-1,-1
231,244,1145.33,500.33,134.67,215.67,0.44,-1,-1,-1
232,245,0.00,227.17,157.75,122.17,0.50,-1,-1,-1
232,246,387.33,481.00,330.67,239.00,0.48,-1,-1,-1
232,247,1000.67,286.33,177.33,136.00,0.47,-1,-1,-1
233,247,978.67,328.33,221.33,172.67,0.48,-1,-1,-1
233,248,178.67,291.33,223.33,142.00,0.48,-1,-1,-1
233,249,930.67,189.00,116.00,93.33,0.48,-1,-1,-1
233,250,0.00,156.00,27.54,79.33,0.40,-1,-1,-1
234,251,857.33,189.33,120.00,92.00,0.48,-1,-1,-1
234,252,21.42,195.17,155.92,97.33,0.46,-1,-1,-1
234,253,1100.67,589.00,179.33,131.00,0.42,-1,-1,-1
235,254,937.33,307.50,177.33,140.50,0.47,-1,-1,-1
235,255,795.33,118.92,74.67,61.42,0.44,-1,-1,-1
236,256,861.33,191.67,106.67,83.33,0.49,-1,-1,-1
237,257,818.67,131.00,74.67,58.33,0.44,-1,-1,-1
238,258,872.67,227.50,144.00,113.83,0.50,-1,-1,-1
239,259,819.33,129.67,82.67,70.50,0.45,-1,-1,-1
252,260,1148.67,187.17,131.33,64.33,0.44,-1,-1,-1
253,261,1046.67,167.50,152.00,62.67,0.44,-1,-1,-1
265,262,522.00,74.08,63.33,57.50,0.43,-1,-1,-1
266,262,522.33,74.92,63.33,56.50,0.41,-1,-1,-1
266,263,1090.67,282.50,170.67,115.83,0.44,-1,-1,-1
267,262,522.67,75.67,62.67,58.50,0.44,-1,-1,-1
267,264,837.33,351.67,253.33,185.33,0.47,-1,-1,-1
268,262,522.33,73.96,62.67,61.71,0.43,-1,-1,-1
269,262,522.33,73.92,62.67,62.17,0.44,-1,-1,-1
270,262,523.00,74.42,62.00,61.00,0.44,-1,-1,-1
271,262,519.33,76.00,64.67,62.00,0.41,-1,-1,-1
272,262,508.00,82.17,68.67,60.00,0.36,-1,-1,-1
273,262,483.33,91.50,75.33,67.00,0.42,-1,-1,-1
274,262,437.67,106.67,92.67,80.83,0.46,-1,-1,-1
275,262,355.33,135.92,119.33,96.42,0.48,-1,-1,-1
275,265,540.00,124.75,81.33,90.25,0.49,-1,-1,-1
276,262,198.67,192.17,175.67,138.33,0.48,-1,-1,-1
276,266,470.67,166.33,108.67,120.67,0.52,-1,-1,-1
276,267,472.00,107.83,79.33,56.67,0.44,-1,-1,-1
277,268,400.33,136.67,102.67,80.00,0.48,-1,-1,-1
277,269,314.83,260.67,177.17,194.00,0.46,-1,-1,-1
277,270,1.08,322.50,159.17,270.83,0.40,-1,-1,-1
278,271,263.00,191.67,154.33,108.67,0.50,-1,-1,-1
278,272,557.00,122.50,79.33,77.33,0.47,-1,-1,-1
279,273,460.00,190.00,118.67,109.67,0.50,-1,-1,-1
279,274,0.92,324.83,237.75,197.17,0.48,-1,-1,-1
279,275,469.00,106.17,81.33,63.17,0.43,-1,-1,-1
280,276,384.67,142.50,112.67,85.33,0.47,-1,-1,-1
280,277,188.67,357.33,257.33,260.00,0.41,-1,-1,-1
281,278,214.83,216.83,178.50,130.83,0.47,-1,-1,-1
284,279,966.67,278.33,170.67,138.00,0.48,-1,-1,-1
284,280,451.00,100.33,86.00,63.17,0.45,-1,-1,-1
285,281,320.33,141.17,131.33,99.33,0.50,-1,-1,-1
285,282,981.33,394.67,250.67,196.67,0.48,-1,-1,-1
285,283,892.67,158.33,90.67,78.33,0.45,-1,-1,-1
285,284,601.00,86.08,66.00,58.67,0.42,-1,-1,-1
286,285,38.67,242.33,239.83,175.67,0.49,-1,-1,-1
286,286,542.67,119.50,90.00,86.50,0.48,-1,-1,-1
286,287,858.67,193.00,109.33,92.33,0.44,-1,-1,-1
286,288,514.00,82.00,66.67,46.67,0.43,-1,-1,-1
287,289,426.67,117.25,90.67,64.42,0.46,-1,-1,-1
287,290,417.33,186.33,145.33,133.33,0.42,-1,-1,-1
288,291,257.83,180.33,146.83,102.00,0.48,-1,-1,-1
289,292,558.00,110.83,79.33,74.33,0.42,-1,-1,-1
289,293,0.96,350.00,142.71,227.33,0.41,-1,-1,-1
290,294,451.33,177.50,126.67,116.33,0.46,-1,-1,-1
290,295,366.67,142.67,114.67,83.33,0.45,-1,-1,-1
291,296,134.25,237.50,203.08,134.17,0.46,-1,-1,-1
291,297,116.08,368.00,304.25,301.33,0.41,-1,-1,-1
292,298,1082.67,395.00,197.33,196.00,0.48,-1,-1,-1
293,299,965.33,228.00,136.00,107.67,0.50,-1,-1,-1
294,300,1029.33,408.33,249.33,194.67,0.46,-1,-1,-1
294,301,909.33,154.50,89.33,74.00,0.43,-1,-1,-1
295,302,929.33,230.83,132.00,101.33,0.49,-1,-1,-1
295,303,533.33,122.17,89.33,85.00,0.47,-1,-1,-1
296,304,387.00,204.83,156.00,141.17,0.45,-1,-1,-1
297,305,0.92,507.33,276.42,207.33,0.47,-1,-1,-1
299,306,1036.00,350.00,212.00,170.67,0.49,-1,-1,-1
300,307,942.67,209.33,114.67,88.00,0.46,-1,-1,-1
300,308,1096.67,506.67,182.67,213.33,0.45,-1,-1,-1
301,309,945.33,259.00,140.00,110.00,0.52,-1,-1,-1
302,310,862.67,157.83,89.33,69.00,0.45,-1,-1,-1
302,311,1160.00,575.00,120.00,145.00,0.40,-1,-1,-1
303,312,974.00,270.33,160.00,119.33,0.47,-1,-1,-1
304,313,898.00,160.67,93.33,72.00,0.46,-1,-1,-1
305,314,988.67,257.83,134.67,107.83,0.49,-1,-1,-1
306,315,902.67,147.00,74.67,60.00,0.40,-1,-1,-1
308,316,974.67,284.17,164.00,123.83,0.48,-1,-1,-1
309,317,894.00,169.67,94.67,68.00,0.46,-1,-1,-1
309,318,985.33,306.17,250.67,197.83,0.43,-1,-1,-1
313,319,1020.67,362.00,222.67,179.33,0.48,-1,-1,-1
314,320,932.67,212.00,118.67,93.67,0.48,-1,-1,-1
315,321,886.67,143.50,78.67,61.00,0.45,-1,-1,-1
316,322,252.67,461.67,361.33,258.33,0.42,-1,-1,-1
317,323,80.58,307.33,234.42,156.67,0.48,-1,-1,-1
318,324,0.08,209.67,135.25,114.33,0.46,-1,-1,-1
319,325,288.00,428.67,318.00,270.67,0.45,-1,-1,-1
320,326,145.50,291.17,230.50,167.17,0.48,-1,-1,-1
321,327,16.08,208.00,176.92,120.33,0.47,-1,-1,-1
357,328,0.00,173.00,126.67,106.00,0.47,-1,-1,-1
358,329,157.67,191.33,254.00,114.33,0.49,-1,-1,-1
359,330,495.33,202.33,263.33,117.67,0.49,-1,-1,-1
360,331,822.67,217.33,245.33,111.00,0.48,-1,-1,-1
361,332,461.00,284.67,339.00,183.33,0.48,-1,-1,-1
364,333,220.67,233.50,207.33,126.17,0.43,-1,-1,-1
365,334,523.33,281.67,308.67,166.67,0.48,-1,-1,-1
366,335,1003.33,325.00,274.67,156.67,0.42,-1,-1,-1
370,336,253.33,240.33,258.00,137.67,0.47,-1,-1,-1
371,337,214.00,322.50,324.00,194.83,0.48,-1,-1,-1
378,338,0.00,195.50,141.33,84.33,0.43,-1,-1,-1
379,339,111.33,222.00,176.67,98.33,0.44,-1,-1,-1
380,340,223.67,244.17,202.33,116.17,0.47,-1,-1,-1
381,340,304.00,261.33,223.33,128.33,0.48,-1,-1,-1
381,341,0.00,267.00,171.67,131.00,0.42,-1,-1,-1
382,340,340.17,269.67,240.50,134.67,0.48,-1,-1,-1
382,341,37.42,288.83,233.92,143.17,0.45,-1,-1,-1
383,340,347.00,271.33,240.67,136.00,0.45,-1,-1,-1
383,341,96.67,306.50,251.33,154.17,0.48,-1,-1,-1
383,342,1172.00,210.67,108.00,89.33,0.48,-1,-1,-1
384,340,347.33,271.33,240.67,136.67,0.44,-1,-1,-1
384,341,122.83,313.33,256.50,165.33,0.49,-1,-1,-1
384,343,948.00,226.17,224.00,80.67,0.47,-1,-1,-1
385,340,346.33,265.67,241.33,143.33,0.45,-1,-1,-1
385,341,124.00,314.00,257.00,165.33,0.48,-1,-1,-1
385,344,661.33,229.83,220.00,73.00,0.45,-1,-1,-1
386,340,346.67,270.00,241.33,140.00,0.45,-1,-1,-1
386,341,123.92,314.33,258.08,162.67,0.48,-1,-1,-1
386,345,405.67,204.67,178.00,68.67,0.48,-1,-1,-1
387,340,347.33,270.67,240.00,139.33,0.45,-1,-1,-1
387,341,124.17,314.33,257.17,163.33,0.48,-1,-1,-1
387,346,217.00,180.33,130.00,60.00,0.46,-1,-1,-1
388,340,347.33,271.00,240.00,138.00,0.45,-1,-1,-1
388,341,124.17,314.33,257.17,164.00,0.48,-1,-1,-1
389,340,347.33,271.00,240.00,138.67,0.45,-1,-1,-1
389,341,124.33,314.33,257.33,164.00,0.48,-1,-1,-1
390,340,347.33,271.17,240.67,138.17,0.45,-1,-1,-1
390,341,124.08,314.33,258.25,164.67,0.48,-1,-1,-1
391,340,347.33,271.17,240.67,138.50,0.45,-1,-1,-1
391,341,124.33,314.00,258.33,165.33,0.48,-1,-1,-1
392,340,347.33,271.33,240.67,138.00,0.45,-1,-1,-1
392,341,124.08,314.17,257.92,165.83,0.48,-1,-1,-1
393,340,347.33,270.83,240.00,138.17,0.45,-1,-1,-1
393,341,124.08,314.17,258.25,166.50,0.48,-1,-1,-1
394,340,347.33,271.00,240.00,138.00,0.45,-1,-1,-1
394,341,124.00,314.00,258.67,166.00,0.48,-1,-1,-1
395,340,347.33,271.33,240.00,138.00,0.45,-1,-1,-1
395,341,124.00,314.17,259.00,167.17,0.47,-1,-1,-1
396,340,347.33,270.67,239.33,138.67,0.45,-1,-1,-1
396,341,124.25,314.33,258.08,165.33,0.48,-1,-1,-1
397,340,347.33,271.00,240.67,139.33,0.45,-1,-1,-1
397,341,124.50,314.00,256.83,162.67,0.48,-1,-1,-1
398,340,347.67,271.50,240.67,139.83,0.45,-1,-1,-1
398,341,125.83,316.00,258.83,163.33,0.47,-1,-1,-1
399,340,346.67,269.67,241.33,148.00,0.46,-1,-1,-1
399,341,147.67,322.33,269.00,174.00,0.48,-1,-1,-1
400,340,346.00,271.33,240.67,129.00,0.47,-1,-1,-1
400,341,212.50,342.00,303.50,180.00,0.48,-1,-1,-1
401,340,354.67,272.50,245.33,144.83,0.47,-1,-1,-1
401,341,357.00,402.33,369.67,172.00,0.43,-1,-1,-1
402,340,382.00,279.33,253.33,140.00,0.49,-1,-1,-1
403,340,422.00,287.00,267.33,143.33,0.44,-1,-1,-1
404,340,466.67,294.50,292.00,156.83,0.49,-1,-1,-1
405,340,539.00,310.00,303.67,160.00,0.50,-1,-1,-1
405,347,788.00,268.50,296.00,105.17,0.44,-1,-1,-1
406,340,604.00,324.00,324.00,170.67,0.49,-1,-1,-1
406,348,433.00,215.00,198.00,79.67,0.43,-1,-1,-1
406,349,345.00,177.33,124.67,57.67,0.42,-1,-1,-1
407,340,659.67,330.67,341.67,174.67,0.48,-1,-1,-1
407,350,892.00,235.50,269.33,92.67,0.41,-1,-1,-1
408,340,706.67,336.33,358.67,178.00,0.49,-1,-1,-1
408,351,522.00,192.17,186.67,79.33,0.42,-1,-1,-1
409,340,745.33,342.67,374.67,180.67,0.49,-1,-1,-1
409,352,266.17,163.50,133.17,59.67,0.42,-1,-1,-1
410,340,813.33,351.00,398.67,190.67,0.44,-1,-1,-1
410,353,785.33,232.50,238.67,83.33,0.45,-1,-1,-1
411,354,437.33,191.17,171.33,63.33,0.43,-1,-1,-1
412,355,999.33,260.83,280.67,109.83,0.45,-1,-1,-1
414,356,211.33,173.83,139.00,63.00,0.44,-1,-1,-1
435,357,124.42,221.83,202.58,122.50,0.44,-1,-1,-1
436,358,384.67,266.00,293.33,162.00,0.48,-1,-1,-1
438,359,1123.33,341.33,156.67,172.00,0.45,-1,-1,-1
438,360,172.00,241.00,212.67,127.33,0.43,-1,-1,-1
439,361,515.00,305.50,321.67,189.17,0.46,-1,-1,-1
453,362,1136.00,213.83,144.00,88.00,0.45,-1,-1,-1
454,363,942.67,226.17,201.33,79.67,0.47,-1,-1,-1
455,364,725.33,219.00,190.67,75.00,0.46,-1,-1,-1
456,365,539.67,199.67,164.33,68.67,0.46,-1,-1,-1
457,366,380.67,180.83,128.00,59.33,0.43,-1,-1,-1
458,367,233.67,161.83,105.67,51.33,0.42,-1,-1,-1
459,368,86.17,227.67,179.67,95.00,0.42,-1,-1,-1
460,369,206.33,253.00,206.33,114.00,0.46,-1,-1,-1
461,370,294.00,272.83,234.67,127.17,0.47,-1,-1,-1
462,370,333.33,283.33,244.00,131.33,0.48,-1,-1,-1
462,371,1158.67,215.33,121.33,97.33,0.43,-1,-1,-1
463,370,339.33,285.00,245.33,132.67,0.49,-1,-1,-1
463,372,958.67,232.67,246.67,85.33,0.46,-1,-1,-1
464,370,339.33,284.67,244.67,133.33,0.49,-1,-1,-1
464,373,730.00,226.00,202.67,82.67,0.45,-1,-1,-1
465,370,339.17,285.00,245.50,133.33,0.49,-1,-1,-1
465,374,507.67,205.17,177.67,70.67,0.46,-1,-1,-1
466,370,339.33,285.00,244.67,133.33,0.49,-1,-1,-1
466,375,334.67,183.00,134.67,56.33,0.44,-1,-1,-1
467,370,340.33,285.00,247.33,133.33,0.48,-1,-1,-1
467,376,187.00,158.17,105.00,50.00,0.42,-1,-1,-1
468,370,366.67,290.17,252.67,133.83,0.47,-1,-1,-1
469,370,464.00,310.33,296.00,152.00,0.49,-1,-1,-1
470,370,698.67,360.00,388.00,195.33,0.46,-1,-1,-1
471,377,105.08,287.50,270.92,173.17,0.48,-1,-1,-1
472,378,272.83,329.50,329.17,214.50,0.50,-1,-1,-1
474,379,93.33,374.67,323.33,213.33,0.42,-1,-1,-1
475,380,745.33,234.17,238.67,81.67,0.47,-1,-1,-1
476,381,450.33,196.83,160.67,62.00,0.44,-1,-1,-1
477,382,209.00,343.67,327.33,186.67,0.49,-1,-1,-1
477,383,238.33,167.50,134.67,52.67,0.42,-1,-1,-1
488,384,447.67,191.17,162.00,62.00,0.41,-1,-1,-1
499,385,904.00,249.50,264.00,94.17,0.42,-1,-1,-1
500,386,458.67,195.67,180.00,67.67,0.42,-1,-1,-1
513,387,1055.33,222.50,224.00,85.33,0.47,-1,-1,-1
514,388,874.00,223.17,222.67,79.33,0.46,-1,-1,-1
515,389,669.00,212.67,201.67,71.33,0.45,-1,-1,-1
516,390,491.33,194.33,162.67,65.33,0.46,-1,-1,-1
517,391,339.17,178.00,132.83,55.33,0.45,-1,-1,-1
518,392,210.50,159.83,113.00,49.67,0.41,-1,-1,-1
522,393,0.00,251.67,174.33,151.33,0.45,-1,-1,-1
523,394,49.25,281.33,247.42,166.00,0.46,-1,-1,-1
524,394,92.75,294.67,263.92,185.33,0.49,-1,-1,-1
525,394,96.25,297.00,264.42,186.00,0.49,-1,-1,-1
526,394,96.25,297.67,263.75,182.67,0.49,-1,-1,-1
526,395,35.67,201.83,174.17,96.00,0.42,-1,-1,-1
527,394,95.75,297.00,266.25,183.33,0.49,-1,-1,-1
527,396,136.42,223.33,186.25,100.00,0.44,-1,-1,-1
528,394,95.58,297.67,263.42,182.00,0.49,-1,-1,-1
528,397,218.33,241.67,216.00,115.67,0.45,-1,-1,-1
529,394,95.67,296.67,265.33,183.33,0.49,-1,-1,-1
529,397,276.83,252.00,229.17,139.33,0.47,-1,-1,-1
529,398,1202.67,209.50,77.33,83.00,0.44,-1,-1,-1
530,394,95.92,296.33,263.08,182.67,0.49,-1,-1,-1
530,397,310.67,258.00,238.00,146.00,0.48,-1,-1,-1
531,394,96.42,296.33,262.58,184.00,0.49,-1,-1,-1
531,397,326.33,261.17,247.33,151.17,0.46,-1,-1,-1
531,399,619.67,219.50,217.00,73.33,0.43,-1,-1,-1
532,394,96.25,296.00,263.08,188.00,0.49,-1,-1,-1
532,397,330.33,262.83,248.67,151.17,0.48,-1,-1,-1
532,400,336.50,196.33,178.17,62.33,0.45,-1,-1,-1
533,394,96.25,299.17,263.42,190.83,0.49,-1,-1,-1
533,397,336.00,263.83,249.33,149.50,0.49,-1,-1,-1
533,401,60.42,217.83,171.25,85.00,0.43,-1,-1,-1
534,394,95.58,299.83,263.75,186.83,0.49,-1,-1,-1
534,397,341.67,266.00,256.00,149.33,0.44,-1,-1,-1
534,401,67.83,219.83,173.67,94.33,0.38,-1,-1,-1
535,394,101.42,301.50,267.58,187.17,0.47,-1,-1,-1
535,397,354.00,267.67,260.67,151.33,0.49,-1,-1,-1
535,401,71.92,219.50,172.08,100.33,0.39,-1,-1,-1
536,394,130.92,309.67,282.42,191.33,0.47,-1,-1,-1
536,397,376.33,273.67,268.67,154.67,0.48,-1,-1,-1
536,401,69.83,219.33,174.67,98.67,0.39,-1,-1,-1
537,394,248.17,342.00,343.83,238.00,0.46,-1,-1,-1
537,397,418.33,281.00,289.67,158.00,0.47,-1,-1,-1
537,401,68.25,218.67,176.08,95.00,0.42,-1,-1,-1
538,394,555.00,429.67,523.67,290.33,0.23,-1,-1,-1
538,397,487.33,292.83,320.00,156.17,0.50,-1,-1,-1
538,401,69.58,219.00,176.75,93.67,0.38,-1,-1,-1
538,402,0.00,259.00,227.83,154.33,0.45,-1,-1,-1
539,397,646.67,309.50,368.00,171.17,0.47,-1,-1,-1
539,401,92.08,223.00,176.25,99.33,0.41,-1,-1,-1
539,403,84.33,291.33,276.33,165.33,0.49,-1,-1,-1
540,397,922.67,314.17,356.00,155.83,0.50,-1,-1,-1
540,401,153.92,236.83,188.08,106.83,0.46,-1,-1,-1
540,404,281.67,331.33,363.33,238.67,0.46,-1,-1,-1
541,401,271.33,262.17,239.33,129.50,0.48,-1,-1,-1
542,401,537.33,324.33,305.33,155.33,0.47,-1,-1,-1
542,405,5.50,220.00,174.67,97.00,0.51,-1,-1,-1
543,406,159.75,250.67,214.25,120.00,0.47,-1,-1,-1
544,407,389.33,304.00,303.33,150.00,0.49,-1,-1,-1
548,408,1.75,274.50,140.33,121.83,0.40,-1,-1,-1
551,409,0.33,196.33,125.92,81.67,0.42,-1,-1,-1
552,410,365.33,284.00,290.67,138.00,0.45,-1,-1,-1
554,411,41.42,277.00,247.58,168.00,0.45,-1,-1,-1
577,412,520.00,226.00,210.00,82.67,0.42,-1,-1,-1
578,413,170.00,173.33,143.67,61.00,0.40,-1,-1,-1
581,414,228.00,158.67,109.67,51.33,0.40,-1,-1,-1
583,415,150.33,226.50,197.33,119.17,0.44,-1,-1,-1
584,416,261.67,247.33,232.00,137.00,0.47,-1,-1,-1
585,416,329.33,257.00,247.33,154.67,0.48,-1,-1,-1
586,416,350.00,262.33,252.00,157.33,0.47,-1,-1,-1
587,416,350.67,263.00,252.00,157.33,0.48,-1,-1,-1
588,416,351.00,263.17,252.00,156.83,0.48,-1,-1,-1
589,416,351.00,263.00,253.33,157.33,0.48,-1,-1,-1
590,416,350.67,263.33,250.67,158.00,0.48,-1,-1,-1
591,416,350.67,262.33,252.00,158.00,0.48,-1,-1,-1
592,416,350.67,262.00,253.33,158.00,0.48,-1,-1,-1
592,417,1045.33,218.33,212.00,79.67,0.46,-1,-1,-1
593,416,350.67,265.17,254.67,154.83,0.48,-1,-1,-1
593,418,836.00,219.67,206.67,72.33,0.44,-1,-1,-1
594,416,350.67,262.33,252.67,158.00,0.48,-1,-1,-1
594,419,1100.00,212.33,180.00,96.00,0.47,-1,-1,-1
594,420,639.67,208.00,188.33,66.67,0.42,-1,-1,-1
595,416,350.33,261.67,254.67,158.67,0.48,-1,-1,-1
595,421,848.67,223.17,246.67,87.00,0.47,-1,-1,-1
595,422,470.00,189.83,151.33,60.33,0.46,-1,-1,-1
596,416,350.67,266.00,256.00,154.00,0.48,-1,-1,-1
596,423,560.00,214.50,215.33,77.33,0.46,-1,-1,-1
596,424,317.50,172.33,134.50,53.33,0.44,-1,-1,-1
597,416,351.33,264.33,249.33,156.67,0.48,-1,-1,-1
597,424,310.83,188.83,167.83,65.33,0.45,-1,-1,-1
597,425,184.33,155.00,105.00,48.67,0.42,-1,-1,-1
598,416,351.33,263.33,249.33,157.33,0.48,-1,-1,-1
599,416,350.67,263.67,249.33,156.67,0.47,-1,-1,-1
600,416,350.67,264.17,248.67,155.83,0.48,-1,-1,-1
601,416,350.67,265.33,250.00,154.67,0.48,-1,-1,-1
602,416,350.67,265.33,249.33,154.67,0.48,-1,-1,-1
603,416,350.67,265.00,250.00,156.00,0.48,-1,-1,-1
604,416,352.33,264.83,249.33,156.17,0.48,-1,-1,-1
605,416,370.00,267.83,254.67,155.17,0.49,-1,-1,-1
606,416,416.00,277.83,272.00,154.83,0.48,-1,-1,-1
607,416,483.33,286.83,302.67,169.83,0.49,-1,-1,-1
608,416,569.33,305.33,330.67,175.33,0.50,-1,-1,-1
609,416,674.67,321.33,362.67,184.67,0.49,-1,-1,-1
609,426,1040.67,305.50,238.67,131.17,0.43,-1,-1,-1
610,416,784.67,333.50,402.67,199.17,0.44,-1,-1,-1
610,427,595.67,239.17,230.33,92.33,0.46,-1,-1,-1
611,416,900.67,348.33,379.33,205.33,0.46,-1,-1,-1
611,428,975.33,231.33,210.67,103.33,0.44,-1,-1,-1
611,429,306.17,196.00,161.83,72.00,0.44,-1,-1,-1
612,430,1009.33,364.00,270.67,190.67,0.48,-1,-1,-1
612,431,115.17,164.75,113.00,58.42,0.40,-1,-1,-1
613,430,1098.67,375.33,181.33,184.00,0.43,-1,-1,-1
613,432,846.67,249.33,237.33,82.67,0.47,-1,-1,-1
614,430,1162.67,379.33,117.33,188.00,0.43,-1,-1,-1
614,433,563.33,213.17,164.67,69.00,0.43,-1,-1,-1
615,434,353.33,185.17,137.33,58.00,0.44,-1,-1,-1
616,435,908.67,238.83,252.00,99.67,0.43,-1,-1,-1
617,436,592.67,203.17,184.00,78.33,0.43,-1,-1,-1
618,437,362.00,172.50,149.33,67.00,0.43,-1,-1,-1
619,438,780.67,230.50,244.00,85.67,0.46,-1,-1,-1
620,439,483.00,196.33,171.33,66.00,0.44,-1,-1,-1
621,424,310.83,188.83,167.83,65.33,0.43,-1,-1,-1
622,440,854.00,245.33,260.00,88.00,0.46,-1,-1,-1
623,441,551.00,206.17,168.33,70.67,0.45,-1,-1,-1
624,442,336.00,179.67,133.33,58.00,0.44,-1,-1,-1
625,443,196.50,318.17,303.50,166.50,0.46,-1,-1,-1
627,444,115.83,325.67,295.50,164.67,0.48,-1,-1,-1
641,445,184.00,249.83,234.00,143.50,0.44,-1,-1,-1
651,446,16.58,295.50,236.42,147.83,0.48,-1,-1,-1
652,446,78.67,314.00,255.33,158.67,0.49,-1,-1,-1
653,446,91.33,319.67,260.33,162.00,0.48,-1,-1,-1
654,446,91.50,320.17,259.83,159.17,0.48,-1,-1,-1
655,446,92.00,317.83,260.33,166.50,0.48,-1,-1,-1
655,447,0.00,188.67,82.88,73.33,0.43,-1,-1,-1
656,446,92.58,318.83,259.42,167.17,0.48,-1,-1,-1
656,448,1127.33,218.83,152.67,86.67,0.45,-1,-1,-1
657,446,91.67,319.67,259.33,166.67,0.48,-1,-1,-1
657,449,150.50,231.67,190.83,98.67,0.47,-1,-1,-1
657,450,958.67,226.00,217.33,82.00,0.46,-1,-1,-1
658,446,92.67,318.67,258.67,170.00,0.48,-1,-1,-1
658,451,249.33,250.83,222.67,114.17,0.47,-1,-1,-1
658,452,744.00,222.83,212.00,77.33,0.47,-1,-1,-1
659,446,93.08,318.67,258.58,169.33,0.48,-1,-1,-1
659,451,322.50,265.50,236.17,123.83,0.48,-1,-1,-1
659,453,548.33,208.83,169.00,70.00,0.48,-1,-1,-1
660,446,91.67,319.33,259.67,168.00,0.48,-1,-1,-1
660,451,354.33,273.17,248.67,129.83,0.48,-1,-1,-1
660,454,392.00,190.50,131.33,58.33,0.45,-1,-1,-1
661,446,92.42,319.00,259.58,167.33,0.48,-1,-1,-1
661,451,361.67,274.33,247.33,130.00,0.47,-1,-1,-1
661,455,252.17,171.00,114.83,51.67,0.44,-1,-1,-1
662,446,91.83,319.33,259.50,167.33,0.48,-1,-1,-1
662,451,361.33,274.00,247.33,130.67,0.48,-1,-1,-1
663,446,91.50,319.33,259.83,167.33,0.48,-1,-1,-1
663,451,360.67,274.00,248.67,130.67,0.48,-1,-1,-1
664,446,91.83,319.17,259.50,167.17,0.48,-1,-1,-1
664,451,361.67,274.17,246.67,130.50,0.48,-1,-1,-1
665,446,92.00,318.67,259.67,168.67,0.48,-1,-1,-1
665,451,361.67,274.50,248.00,130.17,0.47,-1,-1,-1
666,446,91.83,319.00,259.50,168.67,0.48,-1,-1,-1
666,451,361.67,274.33,246.67,130.67,0.48,-1,-1,-1
667,446,96.17,319.83,261.17,167.50,0.48,-1,-1,-1
667,451,361.67,274.50,247.33,130.17,0.47,-1,-1,-1
668,446,116.00,325.00,267.00,175.33,0.50,-1,-1,-1
668,451,362.67,274.33,246.67,130.67,0.47,-1,-1,-1
669,446,142.00,334.00,278.33,177.33,0.47,-1,-1,-1
669,451,363.00,274.67,246.67,130.00,0.47,-1,-1,-1
670,446,167.67,344.00,289.33,172.67,0.50,-1,-1,-1
670,451,361.33,273.50,248.00,130.83,0.47,-1,-1,-1
671,446,206.00,357.00,304.00,189.33,0.49,-1,-1,-1
671,451,362.00,274.67,248.67,130.00,0.47,-1,-1,-1
672,446,269.33,378.00,337.33,196.67,0.50,-1,-1,-1
672,451,372.67,276.67,256.00,128.67,0.48,-1,-1,-1
673,446,409.67,417.67,425.00,244.67,0.37,-1,-1,-1
673,451,402.00,280.50,268.00,136.50,0.49,-1,-1,-1
673,456,1.83,269.50,196.67,127.17,0.42,-1,-1,-1
674,451,450.00,290.50,276.67,139.50,0.48,-1,-1,-1
674,456,45.42,293.67,246.58,145.33,0.47,-1,-1,-1
675,451,507.33,303.00,290.67,147.33,0.49,-1,-1,-1
675,456,186.83,337.00,307.83,172.67,0.41,-1,-1,-1
676,451,578.33,316.67,317.67,152.00,0.50,-1,-1,-1
677,451,665.33,327.83,344.00,163.50,0.50,-1,-1,-1
677,457,390.00,201.17,181.33,84.67,0.45,-1,-1,-1
678,451,738.67,339.33,377.33,170.67,0.46,-1,-1,-1
678,458,172.67,169.33,139.33,68.00,0.46,-1,-1,-1
679,451,802.67,349.33,393.33,173.33,0.47,-1,-1,-1
680,451,848.00,354.67,414.67,177.33,0.40,-1,-1,-1
681,451,877.33,356.33,402.67,178.67,0.38,-1,-1,-1
682,451,909.33,360.00,370.67,177.33,0.47,-1,-1,-1
682,459,0.00,131.50,46.17,42.33,0.48,-1,-1,-1
682,460,567.00,219.67,211.67,101.00,0.42,-1,-1,-1
683,451,933.33,361.33,346.67,178.00,0.46,-1,-1,-1
684,451,961.33,364.67,318.67,175.33,0.49,-1,-1,-1
685,451,1011.33,368.67,268.00,171.33,0.48,-1,-1,-1
686,451,1102.67,374.00,177.33,161.33,0.45,-1,-1,-1
686,461,414.67,208.00,202.67,82.67,0.41,-1,-1,-1
692,462,588.33,236.33,241.00,89.67,0.44,-1,-1,-1
703,463,294.33,158.75,134.67,69.08,0.44,-1,-1,-1
714,464,79.92,302.17,258.08,164.17,0.46,-1,-1,-1
718,465,240.83,238.17,223.17,131.50,0.47,-1,-1,-1
719,466,349.33,254.33,253.33,152.67,0.49,-1,-1,-1
720,466,404.67,265.83,270.00,155.83,0.49,-1,-1,-1
722,467,0.00,397.00,122.00,166.67,0.46,-1,-1,-1
723,468,956.67,440.33,322.67,163.33,0.49,-1,-1,-1
724,469,633.33,344.33,149.33,76.00,0.50,-1,-1,-1
725,470,521.33,312.67,77.33,44.67,0.47,-1,-1,-1
725,471,781.33,415.00,361.33,195.33,0.44,-1,-1,-1
726,472,523.67,332.33,121.33,72.67,0.49,-1,-1,-1
726,473,467.33,299.67,45.33,30.00,0.47,-1,-1,-1
727,473,440.33,304.00,63.33,43.33,0.47,-1,-1,-1
728,474,403.00,294.00,40.67,29.00,0.44,-1,-1,-1
735,475,0.08,391.00,97.17,168.00,0.46,-1,-1,-1
747,476,0.54,398.33,105.63,176.67,0.43,-1,-1,-1
750,477,43.29,327.17,110.04,91.17,0.41,-1,-1,-1
752,478,871.33,393.67,368.00,163.33,0.44,-1,-1,-1
753,479,530.67,309.17,95.33,54.83,0.47,-1,-1,-1
754,480,448.67,291.67,46.67,31.33,0.44,-1,-1,-1
761,481,549.33,324.67,108.00,62.00,0.48,-1,-1,-1
762,482,446.67,296.50,46.67,31.67,0.46,-1,-1,-1
775,483,38.71,356.67,121.79,103.33,0.44,-1,-1,-1
776,484,0.00,382.00,120.17,150.67,0.45,-1,-1,-1
777,484,0.42,408.00,90.83,180.00,0.44,-1,-1,-1
777,485,890.00,389.00,272.00,142.67,0.47,-1,-1,-1
778,486,687.33,334.00,157.33,92.67,0.46,-1,-1,-1
779,487,570.67,313.33,97.33,60.00,0.49,-1,-1,-1
780,488,501.67,301.00,63.33,41.67,0.49,-1,-1,-1
781,489,458.67,294.00,45.33,31.00,0.45,-1,-1,-1
806,490,82.71,331.83,115.46,97.50,0.42,-1,-1,-1
807,490,79.50,331.83,117.50,100.17,0.37,-1,-1,-1
808,490,80.33,331.67,117.50,98.00,0.41,-1,-1,-1
809,490,81.83,332.00,115.67,98.00,0.42,-1,-1,-1
810,490,79.96,332.00,113.21,100.00,0.43,-1,-1,-1
811,490,79.50,334.00,108.00,108.67,0.39,-1,-1,-1
812,490,61.54,344.33,113.29,108.00,0.18,-1,-1,-1
813,490,0.04,359.67,154.62,154.00,0.46,-1,-1,-1
818,491,601.00,345.67,221.67,131.33,0.48,-1,-1,-1
819,492,472.00,309.17,95.33,66.17,0.49,-1,-1,-1
820,493,419.00,295.50,55.33,40.67,0.46,-1,-1,-1
823,494,598.67,332.00,174.67,116.67,0.47,-1,-1,-1
824,495,474.00,303.33,69.33,49.67,0.50,-1,-1,-1
825,496,836.67,402.00,296.00,152.67,0.47,-1,-1,-1
825,497,428.33,290.00,42.00,31.00,0.45,-1,-1,-1
826,498,537.33,315.83,82.00,51.50,0.49,-1,-1,-1
827,499,458.00,296.50,42.00,29.00,0.45,-1,-1,-1
843,500,41.60,305.17,82.06,37.50,0.42,-1,-1,-1
844,501,0.00,305.67,57.12,38.33,0.46,-1,-1,-1
849,502,542.33,330.50,169.67,110.83,0.49,-1,-1,-1
850,503,457.33,305.67,82.00,57.67,0.50,-1,-1,-1
850,504,30.75,305.50,75.25,34.50,0.44,-1,-1,-1
851,505,413.33,293.17,54.67,39.33,0.47,-1,-1,-1
851,506,0.00,305.67,58.17,35.33,0.44,-1,-1,-1
858,507,655.33,339.33,172.00,96.67,0.47,-1,-1,-1
859,508,496.67,304.83,69.33,45.50,0.48,-1,-1,-1
860,509,440.00,291.00,41.33,30.33,0.46,-1,-1,-1
871,510,0.00,370.33,136.92,130.67,0.45,-1,-1,-1
909,511,0.42,346.33,153.17,130.00,0.43,-1,-1,-1
911,512,852.00,380.00,230.67,116.67,0.48,-1,-1,-1
912,513,566.00,316.33,93.33,53.33,0.47,-1,-1,-1
913,514,464.33,298.00,47.33,30.67,0.48,-1,-1,-1
917,515,484.67,262.83,158.00,94.50,0.47,-1,-1,-1
918,516,441.33,267.33,95.33,60.33,0.47,-1,-1,-1
919,517,414.67,266.33,68.00,48.33,0.46,-1,-1,-1
920,518,394.67,265.67,50.00,38.67,0.46,-1,-1,-1
941,519,590.00,347.67,202.67,108.00,0.48,-1,-1,-1
942,520,477.00,315.83,98.00,55.50,0.49,-1,-1,-1
943,521,427.33,299.17,59.33,38.67,0.47,-1,-1,-1
944,522,913.33,442.67,358.67,185.33,0.46,-1,-1,-1
944,523,401.67,291.50,41.33,29.33,0.43,-1,-1,-1
945,524,603.00,340.00,145.67,82.67,0.50,-1,-1,-1
946,525,506.00,310.67,78.00,50.00,0.49,-1,-1,-1
947,526,461.33,299.00,51.33,34.33,0.48,-1,-1,-1
948,527,436.00,290.67,36.67,27.67,0.44,-1,-1,-1
954,528,679.00,331.67,171.00,104.00,0.49,-1,-1,-1
955,529,504.67,300.17,70.00,47.50,0.49,-1,-1,-1
956,530,440.00,287.33,41.33,31.33,0.45,-1,-1,-1
1003,531,680.33,397.33,321.67,170.67,0.49,-1,-1,-1
1004,532,503.67,333.50,126.00,79.17,0.48,-1,-1,-1
1004,533,787.33,424.00,397.33,210.67,0.44,-1,-1,-1
1005,532,538.33,337.33,150.33,90.00,0.51,-1,-1,-1
1005,534,438.33,309.33,70.67,41.33,0.48,-1,-1,-1
1006,532,408.00,297.33,44.00,29.00,0.40,-1,-1,-1
1006,534,453.33,311.17,77.33,51.50,0.49,-1,-1,-1
1007,534,388.33,291.17,32.67,22.33,0.11,-1,-1,-1
1007,535,413.33,298.67,50.00,35.67,0.45,-1,-1,-1
1028,536,75.75,343.33,110.25,104.00,0.44,-1,-1,-1
1037,537,701.33,404.33,282.67,146.67,0.49,-1,-1,-1
1038,538,465.67,316.67,76.67,49.33,0.49,-1,-1,-1
1039,539,407.33,297.00,40.00,28.00,0.42,-1,-1,-1
1066,540,4.62,360.33,142.71,124.67,0.46,-1,-1,-1
1066,541,111.17,292.00,69.67,30.67,0.43,-1,-1,-1
1067,541,111.83,292.17,67.50,30.67,0.39,-1,-1,-1
1067,542,0.71,405.67,89.96,196.00,0.40,-1,-1,-1
1068,541,112.17,292.00,65.83,31.00,0.33,-1,-1,-1
1069,541,111.67,292.17,68.83,31.00,0.29,-1,-1,-1
1070,541,112.00,292.00,62.17,31.00,0.29,-1,-1,-1
1071,541,112.00,292.00,58.50,29.67,0.16,-1,-1,-1
1075,541,112.00,292.00,58.50,29.67,0.33,-1,-1,-1
1076,541,112.00,292.33,63.83,30.67,0.35,-1,-1,-1
1077,541,112.83,292.50,65.83,31.00,0.34,-1,-1,-1
1078,541,113.83,292.50,65.67,31.00,0.24,-1,-1,-1
1079,541,113.75,292.33,64.75,31.33,0.24,-1,-1,-1
1080,541,116.33,292.50,60.83,31.67,0.24,-1,-1,-1
1087,543,538.67,142.75,111.33,111.58,0.41,-1,-1,-1
1088,543,514.33,160.00,124.67,118.33,0.41,-1,-1,-1
1089,543,509.00,160.67,126.67,127.33,0.49,-1,-1,-1
1090,543,508.67,160.33,127.33,127.67,0.49,-1,-1,-1
1091,543,509.67,160.67,126.00,127.33,0.50,-1,-1,-1
1092,543,512.00,160.50,124.00,127.67,0.49,-1,-1,-1
1093,543,511.67,163.83,126.67,127.33,0.50,-1,-1,-1
1094,543,511.00,164.33,127.33,127.00,0.50,-1,-1,-1
1095,543,511.67,162.83,126.67,128.33,0.50,-1,-1,-1
1096,543,512.33,163.67,125.33,127.33,0.50,-1,-1,-1
1097,543,511.67,164.25,126.00,126.42,0.51,-1,-1,-1
1098,543,510.67,164.00,126.67,126.67,0.51,-1,-1,-1
1099,543,510.33,164.00,126.67,126.67,0.51,-1,-1,-1
1100,543,512.00,164.67,125.33,126.00,0.50,-1,-1,-1
1101,543,510.67,164.08,126.67,126.58,0.51,-1,-1,-1
1102,543,512.00,164.00,125.33,126.67,0.50,-1,-1,-1
1103,543,511.00,164.17,126.67,126.67,0.51,-1,-1,-1
1104,543,510.67,164.25,126.67,126.42,0.51,-1,-1,-1
1105,543,510.00,164.50,126.67,126.67,0.50,-1,-1,-1
1106,543,510.00,164.50,127.33,126.67,0.50,-1,-1,-1
1107,543,509.33,164.75,128.00,126.58,0.50,-1,-1,-1
1108,543,510.00,165.58,127.33,125.42,0.50,-1,-1,-1
1109,543,511.33,163.17,124.00,127.33,0.51,-1,-1,-1
1110,543,509.67,163.50,126.00,127.00,0.51,-1,-1,-1
1111,543,507.67,162.00,129.33,129.00,0.50,-1,-1,-1
1112,543,510.00,161.83,127.33,127.33,0.50,-1,-1,-1
1113,543,509.67,162.67,126.67,127.67,0.51,-1,-1,-1
1113,544,803.33,544.33,240.00,174.33,0.45,-1,-1,-1
1114,543,505.67,165.58,130.00,123.42,0.52,-1,-1,-1
1114,545,797.33,358.00,173.33,172.67,0.46,-1,-1,-1
1115,543,497.33,167.08,134.67,129.25,0.47,-1,-1,-1
1115,546,801.33,245.67,116.00,118.67,0.49,-1,-1,-1
1116,543,475.33,183.33,143.33,136.67,0.47,-1,-1,-1
1116,547,800.67,184.00,89.33,83.67,0.48,-1,-1,-1
1117,543,435.33,211.17,165.33,157.83,0.47,-1,-1,-1
1117,548,802.00,140.67,69.33,62.67,0.44,-1,-1,-1
1118,543,349.00,259.67,205.33,206.67,0.46,-1,-1,-1
1118,549,799.33,106.17,66.67,49.67,0.43,-1,-1,-1
1119,543,149.08,343.33,330.58,348.67,0.32,-1,-1,-1
1119,550,799.33,85.00,52.00,42.00,0.41,-1,-1,-1
1137,551,425.67,141.17,102.67,72.33,0.43,-1,-1,-1
1138,552,1.50,347.33,200.33,248.00,0.42,-1,-1,-1
1143,553,979.33,266.00,148.00,112.00,0.52,-1,-1,-1
1144,554,902.67,149.17,82.67,62.00,0.47,-1,-1,-1
1146,555,798.67,180.00,104.00,100.00,0.45,-1,-1,-1
1147,556,796.67,108.00,65.33,56.00,0.43,-1,-1,-1
1148,557,793.33,75.08,49.33,41.50,0.41,-1,-1,-1
1172,558,835.33,257.33,125.33,118.33,0.40,-1,-1,-1
1173,559,810.00,107.00,57.33,47.33,0.45,-1,-1,-1
1206,560,312.00,189.00,153.33,103.33,0.49,-1,-1,-1
1207,561,98.08,272.33,247.92,178.67,0.47,-1,-1,-1
1226,562,822.00,238.67,112.00,111.67,0.49,-1,-1,-1
1227,563,807.33,114.17,56.00,41.67,0.43,-1,-1,-1
1227,564,226.17,211.83,167.83,116.00,0.42,-1,-1,-1
1231,565,184.17,347.67,279.83,255.33,0.40,-1,-1,-1
1249,566,188.17,149.58,173.17,142.75,0.46,-1,-1,-1
1250,567,473.00,180.67,134.67,127.33,0.48,-1,-1,-1
1260,568,1006.00,255.50,170.67,134.50,0.46,-1,-1,-1
1261,569,910.00,138.08,81.33,67.25,0.49,-1,-1,-1
1262,570,871.33,90.50,56.00,40.67,0.46,-1,-1,-1
1300,571,1004.00,296.33,190.67,148.67,0.47,-1,-1,-1
1301,572,937.33,190.33,121.33,97.33,0.45,-1,-1,-1
1302,573,902.00,137.50,84.00,65.67,0.48,-1,-1,-1
1303,574,878.00,105.75,65.33,45.83,0.45,-1,-1,-1
1305,575,862.00,306.67,154.67,136.67,0.46,-1,-1,-1
1306,576,834.67,170.17,82.67,74.67,0.48,-1,-1,-1
1306,577,1005.33,207.67,125.33,139.00,0.43,-1,-1,-1
1307,578,935.33,133.67,82.67,90.33,0.47,-1,-1,-1
1307,579,829.33,114.50,57.33,45.33,0.45,-1,-1,-1
1314,580,1042.00,330.33,237.33,244.67,0.47,-1,-1,-1
1315,581,906.67,144.50,94.67,94.67,0.49,-1,-1,-1
1342,582,433.33,132.67,97.33,72.67,0.46,-1,-1,-1
1343,583,269.50,198.67,156.50,108.67,0.47,-1,-1,-1
1344,584,0.00,352.00,180.33,221.33,0.43,-1,-1,-1
1390,585,754.00,459.33,228.00,259.33,0.47,-1,-1,-1
1391,586,766.00,306.33,141.33,149.33,0.45,-1,-1,-1
1391,587,1142.00,481.33,138.00,230.67,0.44,-1,-1,-1
1392,588,1044.00,328.50,196.00,146.83,0.47,-1,-1,-1
1392,589,772.67,209.00,102.67,100.33,0.46,-1,-1,-1
1392,590,235.67,343.67,254.67,206.00,0.42,-1,-1,-1
1393,591,780.00,151.42,70.67,66.25,0.49,-1,-1,-1
1393,592,979.33,233.00,129.33,101.33,0.48,-1,-1,-1
1393,593,770.67,363.33,173.33,220.00,0.47,-1,-1,-1
1393,594,3.25,588.33,278.42,131.00,0.43,-1,-1,-1
1394,595,939.33,170.00,90.67,70.00,0.48,-1,-1,-1
1394,596,780.00,222.33,109.33,126.33,0.47,-1,-1,-1
1394,597,784.67,113.83,52.00,45.00,0.44,-1,-1,-1
1395,598,786.00,157.50,74.67,74.33,0.50,-1,-1,-1
1395,599,910.00,130.50,69.33,50.50,0.44,-1,-1,-1
1396,600,788.67,112.17,54.67,52.00,0.48,-1,-1,-1
1396,601,886.67,101.17,53.33,38.17,0.45,-1,-1,-1
1397,602,1096.00,378.67,184.00,192.67,0.48,-1,-1,-1
1398,603,949.33,187.00,116.00,89.00,0.47,-1,-1,-1
1398,604,474.67,300.00,229.33,164.67,0.42,-1,-1,-1
1399,604,520.00,323.00,332.00,174.00,0.47,-1,-1,-1
1399,605,890.67,120.08,70.67,47.17,0.49,-1,-1,-1
1400,606,858.67,83.50,52.00,34.67,0.47,-1,-1,-1
1400,607,630.67,325.83,382.67,169.50,0.47,-1,-1,-1
1401,607,818.00,328.17,304.00,148.83,0.47,-1,-1,-1
1402,608,942.00,296.33,172.00,122.67,0.44,-1,-1,-1
1403,609,969.33,248.67,122.67,111.33,0.45,-1,-1,-1
1404,610,942.00,202.67,116.00,89.33,0.48,-1,-1,-1
1405,611,914.67,163.25,93.33,71.25,0.47,-1,-1,-1
1406,612,892.00,131.83,74.67,57.33,0.45,-1,-1,-1
1410,613,1045.33,367.33,234.67,195.33,0.48,-1,-1,-1
1411,614,938.67,189.33,109.33,92.33,0.49,-1,-1,-1
1411,615,833.33,496.00,264.00,224.00,0.47,-1,-1,-1
1411,616,515.33,157.75,106.67,81.08,0.44,-1,-1,-1
1412,617,810.67,197.33,106.67,100.00,0.49,-1,-1,-1
1412,618,893.33,125.42,73.33,55.75,0.48,-1,-1,-1
1412,619,230.83,322.83,251.17,197.17,0.44,-1,-1,-1
1413,620,873.33,91.58,49.33,41.67,0.46,-1,-1,-1
1413,621,803.33,121.00,61.33,46.33,0.45,-1,-1,-1
1416,622,275.50,191.17,163.17,120.33,0.48,-1,-1,-1
1418,623,367.00,165.42,128.67,87.25,0.45,-1,-1,-1
1420,624,515.67,161.75,107.33,84.08,0.45,-1,-1,-1
1440,625,809.33,240.33,118.67,127.00,0.50,-1,-1,-1
1441,626,644.33,371.00,201.00,111.33,0.45,-1,-1,-1
1442,626,644.00,371.00,201.33,110.67,0.45,-1,-1,-1
1443,626,644.00,371.33,201.33,110.67,0.45,-1,-1,-1
1444,626,644.67,370.67,200.00,111.33,0.45,-1,-1,-1
1445,626,644.67,371.33,201.33,110.67,0.45,-1,-1,-1
1446,626,653.33,375.33,198.67,108.00,0.46,-1,-1,-1
1447,626,686.67,384.00,216.00,114.67,0.46,-1,-1,-1
1448,626,758.00,401.67,250.67,117.33,0.49,-1,-1,-1
1449,626,837.33,421.33,281.33,115.33,0.48,-1,-1,-1
1450,626,836.67,421.00,281.33,116.00,0.48,-1,-1,-1
1495,627,745.33,308.50,113.33,57.17,0.43,-1,-1,-1
1496,627,745.33,308.50,113.33,57.17,0.43,-1,-1,-1
1499,628,786.67,258.00,341.33,154.00,0.43,-1,-1,-1
1500,629,653.33,249.17,249.33,119.50,0.42,-1,-1,-1
1501,630,553.33,232.33,194.67,99.33,0.44,-1,-1,-1
1501,631,832.00,468.33,264.00,178.00,0.43,-1,-1,-1
1502,632,484.67,229.33,156.00,79.33,0.41,-1,-1,-1
1503,632,445.00,220.83,137.33,76.33,0.45,-1,-1,-1
1504,632,445.00,220.83,137.33,76.33,0.45,-1,-1,-1
1505,632,363.33,212.50,90.67,54.67,0.39,-1,-1,-1
1506,632,363.33,212.50,90.67,54.67,0.38,-1,-1,-1
1516,633,794.67,350.00,158.67,66.00,0.43,-1,-1,-1
1517,634,1059.33,412.67,220.00,116.00,0.44,-1,-1,-1
1518,635,693.33,320.67,142.67,67.33,0.45,-1,-1,-1
1519,636,512.67,277.33,89.33,51.00,0.44,-1,-1,-1
1525,632,363.33,212.50,90.67,54.67,0.47,-1,-1,-1
1526,632,678.33,244.67,319.00,155.33,0.47,-1,-1,-1
1529,632,678.33,244.67,319.00,155.33,0.36,-1,-1,-1
1547,637,856.67,245.17,130.67,57.67,0.42,-1,-1,-1
1548,637,856.67,245.33,130.67,57.33,0.42,-1,-1,-1
1549,637,678.67,248.17,146.67,56.67,0.39,-1,-1,-1
1550,637,592.00,245.50,165.33,67.33,0.40,-1,-1,-1
1551,637,501.33,244.67,167.33,68.33,0.42,-1,-1,-1
1552,637,406.00,246.17,176.00,71.00,0.46,-1,-1,-1
1553,637,348.67,246.83,176.00,74.00,0.45,-1,-1,-1
1554,637,349.00,246.83,175.33,74.00,0.45,-1,-1,-1
1555,637,265.00,245.33,130.67,105.00,0.35,-1,-1,-1
1556,637,265.00,245.67,130.67,104.67,0.35,-1,-1,-1
1557,638,304.17,268.83,145.17,126.50,0.47,-1,-1,-1
1558,637,265.00,245.67,130.67,104.67,0.46,-1,-1,-1
1559,637,363.67,283.33,192.67,161.33,0.47,-1,-1,-1
1560,637,394.67,291.67,210.00,178.67,0.46,-1,-1,-1
1561,637,412.67,297.50,229.33,193.17,0.48,-1,-1,-1
1562,637,423.67,304.33,234.67,195.33,0.48,-1,-1,-1
1563,637,424.33,304.67,239.33,195.33,0.49,-1,-1,-1
1564,637,426.00,305.00,240.00,196.00,0.49,-1,-1,-1
1565,637,426.00,305.00,239.33,196.00,0.49,-1,-1,-1
1566,637,426.33,307.00,239.33,194.00,0.49,-1,-1,-1
1567,637,427.33,308.33,238.00,193.33,0.49,-1,-1,-1
1567,639,473.33,267.67,104.00,46.00,0.46,-1,-1,-1
1568,637,426.67,310.00,238.67,191.33,0.49,-1,-1,-1
1568,640,419.00,271.83,94.67,47.00,0.41,-1,-1,-1
1569,637,427.00,307.67,238.00,194.67,0.49,-1,-1,-1
1569,640,399.00,281.50,74.67,54.00,0.40,-1,-1,-1
1570,637,422.00,308.17,242.67,194.50,0.49,-1,-1,-1
1571,637,425.33,299.17,238.00,203.50,0.48,-1,-1,-1
1572,637,425.33,299.00,238.00,204.00,0.48,-1,-1,-1
1573,637,426.00,304.67,238.67,197.33,0.49,-1,-1,-1
1574,637,426.00,304.67,238.67,197.33,0.49,-1,-1,-1
1575,637,468.00,320.50,270.67,225.50,0.49,-1,-1,-1
1576,637,538.00,342.00,332.00,283.33,0.38,-1,-1,-1
1577,637,607.33,365.33,416.00,349.33,0.22,-1,-1,-1
1578,637,607.67,365.67,415.00,349.00,0.22,-1,-1,-1
1579,641,796.00,398.00,256.00,121.33,0.49,-1,-1,-1
1580,641,796.00,398.00,256.00,121.33,0.49,-1,-1,-1
1581,642,394.67,346.00,146.00,107.33,0.48,-1,-1,-1
1582,643,520.00,411.33,216.00,154.67,0.47,-1,-1,-1
1593,644,788.67,257.67,104.00,46.00,0.41,-1,-1,-1
1594,644,790.67,258.17,96.00,45.00,0.43,-1,-1,-1
1595,644,790.00,257.33,97.33,46.67,0.45,-1,-1,-1
1596,644,790.00,257.17,98.67,47.00,0.46,-1,-1,-1
1597,644,789.33,257.50,100.00,47.33,0.46,-1,-1,-1
1598,644,789.33,257.50,101.33,47.33,0.46,-1,-1,-1
1599,644,789.33,256.83,100.00,48.33,0.47,-1,-1,-1
1600,644,789.33,256.67,100.00,48.67,0.47,-1,-1,-1
1601,644,790.67,257.00,98.67,47.67,0.44,-1,-1,-1
1602,644,790.67,256.83,98.67,48.00,0.44,-1,-1,-1
1603,644,789.33,256.67,100.00,48.33,0.45,-1,-1,-1
1603,645,1031.33,395.33,206.67,89.33,0.48,-1,-1,-1
1604,644,789.33,257.33,100.00,47.33,0.47,-1,-1,-1
1604,646,720.00,319.33,121.33,57.33,0.46,-1,-1,-1
1605,644,789.33,257.67,100.00,47.33,0.46,-1,-1,-1
1606,644,789.33,257.67,100.00,46.67,0.46,-1,-1,-1
1607,644,790.00,257.67,98.67,47.00,0.46,-1,-1,-1
1608,644,789.33,257.50,100.00,47.00,0.45,-1,-1,-1
1609,644,788.67,258.00,100.00,46.33,0.47,-1,-1,-1
1609,647,740.67,326.67,146.67,70.67,0.46,-1,-1,-1
1610,644,788.67,258.00,100.00,46.33,0.47,-1,-1,-1
1610,647,740.67,327.00,146.67,70.67,0.46,-1,-1,-1
1611,644,788.67,257.83,100.00,46.67,0.44,-1,-1,-1
1611,647,419.67,255.67,64.00,39.00,0.24,-1,-1,-1
1612,644,788.67,257.83,100.00,46.67,0.44,-1,-1,-1
1612,647,419.67,255.67,64.00,39.00,0.25,-1,-1,-1
1613,644,789.33,257.33,100.00,47.00,0.45,-1,-1,-1
1614,644,788.67,257.33,100.00,47.00,0.45,-1,-1,-1
1615,644,788.67,257.67,100.00,46.67,0.45,-1,-1,-1
1616,644,788.67,258.00,100.00,45.67,0.46,-1,-1,-1
1616,648,856.00,339.00,157.33,74.67,0.50,-1,-1,-1
1617,644,790.00,257.17,98.67,47.67,0.46,-1,-1,-1
1617,649,740.00,310.67,125.33,65.33,0.48,-1,-1,-1
1618,644,790.00,257.67,98.67,46.67,0.47,-1,-1,-1
1618,650,679.00,301.67,115.00,58.33,0.47,-1,-1,-1
1619,644,789.33,257.00,98.67,47.67,0.45,-1,-1,-1
1619,650,655.33,296.00,110.67,59.33,0.48,-1,-1,-1
1620,644,789.33,257.00,98.67,47.67,0.45,-1,-1,-1
1620,650,655.33,295.83,110.67,59.17,0.48,-1,-1,-1
1621,644,789.33,257.33,100.00,47.00,0.45,-1,-1,-1
1621,650,634.00,292.33,104.00,56.00,0.47,-1,-1,-1
1622,644,789.33,257.33,100.00,47.00,0.45,-1,-1,-1
1622,650,634.00,292.33,104.00,56.00,0.47,-1,-1,-1
1623,644,790.00,258.17,98.67,46.00,0.45,-1,-1,-1
1623,650,634.00,292.33,104.00,56.67,0.47,-1,-1,-1
1624,644,790.00,257.50,98.67,47.00,0.45,-1,-1,-1
1624,650,634.00,292.33,104.00,56.67,0.47,-1,-1,-1
1625,644,789.33,258.00,100.00,46.00,0.45,-1,-1,-1
1625,650,634.00,292.50,104.00,56.17,0.47,-1,-1,-1
1626,644,789.33,258.33,100.00,46.00,0.44,-1,-1,-1
1626,650,634.00,292.50,104.00,56.50,0.47,-1,-1,-1
1627,644,788.67,257.50,100.00,46.33,0.45,-1,-1,-1
1627,650,634.00,292.33,104.00,56.33,0.47,-1,-1,-1
1628,644,789.33,257.50,98.67,47.00,0.45,-1,-1,-1
1628,650,634.00,292.50,104.00,55.83,0.47,-1,-1,-1
1629,644,788.67,257.00,100.00,47.00,0.44,-1,-1,-1
1629,650,634.00,292.33,104.00,56.67,0.47,-1,-1,-1
1630,644,786.67,257.00,100.00,46.67,0.43,-1,-1,-1
1630,650,634.00,292.50,104.00,56.50,0.47,-1,-1,-1
1631,644,768.00,257.67,104.00,48.00,0.30,-1,-1,-1
1631,650,634.00,293.00,104.00,55.33,0.47,-1,-1,-1
1632,644,768.00,257.33,104.00,48.33,0.30,-1,-1,-1
1632,650,634.00,293.00,104.00,55.33,0.47,-1,-1,-1
1633,644,649.33,260.67,101.33,44.67,0.37,-1,-1,-1
1633,650,631.67,291.17,106.33,57.83,0.47,-1,-1,-1
1634,644,649.33,260.83,101.33,44.67,0.37,-1,-1,-1
1634,650,631.67,291.17,106.33,57.83,0.47,-1,-1,-1
1635,644,422.00,268.67,124.67,54.33,0.45,-1,-1,-1
1635,650,632.67,291.67,105.33,57.33,0.46,-1,-1,-1
1636,644,356.00,274.17,108.00,62.00,0.43,-1,-1,-1
1636,650,633.67,293.00,104.33,55.00,0.47,-1,-1,-1
1637,650,633.00,293.00,105.00,55.00,0.47,-1,-1,-1
1637,651,341.33,285.67,78.00,80.00,0.45,-1,-1,-1
1638,650,633.33,292.17,105.33,55.83,0.47,-1,-1,-1
1638,651,356.67,298.17,103.33,91.17,0.45,-1,-1,-1
1639,650,633.00,292.17,105.67,56.83,0.47,-1,-1,-1
1639,652,376.00,311.17,129.33,100.83,0.50,-1,-1,-1
1640,650,633.00,292.17,105.67,56.50,0.47,-1,-1,-1
1640,652,376.00,311.17,129.33,100.83,0.50,-1,-1,-1
1641,650,633.33,292.00,105.33,56.67,0.48,-1,-1,-1
1641,652,455.00,343.33,178.67,133.33,0.48,-1,-1,-1
1642,650,633.33,292.00,105.33,56.67,0.48,-1,-1,-1
1642,652,455.33,343.33,178.67,134.00,0.48,-1,-1,-1
1643,650,633.33,292.17,105.33,56.17,0.48,-1,-1,-1
1643,652,480.00,352.00,195.33,142.00,0.43,-1,-1,-1
1644,650,633.00,292.33,104.33,55.33,0.48,-1,-1,-1
1644,652,478.67,352.33,196.67,143.33,0.42,-1,-1,-1
1645,650,633.67,291.33,105.00,56.00,0.47,-1,-1,-1
1645,652,480.00,353.33,195.33,142.00,0.44,-1,-1,-1
1645,653,771.33,517.67,308.00,149.33,0.47,-1,-1,-1
1646,650,633.33,292.67,105.33,54.00,0.47,-1,-1,-1
1646,652,479.67,352.67,196.00,142.67,0.45,-1,-1,-1
1646,654,333.83,270.33,116.17,39.00,0.46,-1,-1,-1
1647,650,633.33,292.67,105.33,55.67,0.48,-1,-1,-1
1647,652,480.67,352.67,194.00,142.67,0.43,-1,-1,-1
1648,650,633.33,292.67,105.33,55.67,0.48,-1,-1,-1
1648,652,480.67,352.00,194.00,142.00,0.43,-1,-1,-1
1649,650,633.67,292.33,105.00,55.33,0.48,-1,-1,-1
1649,652,480.00,352.67,195.33,140.67,0.43,-1,-1,-1
1650,650,633.67,292.33,105.00,55.33,0.48,-1,-1,-1
1650,652,480.00,352.33,195.33,141.33,0.43,-1,-1,-1
1651,650,633.67,291.83,104.33,56.17,0.48,-1,-1,-1
1651,652,480.00,354.00,194.67,141.33,0.44,-1,-1,-1
1652,650,633.67,292.17,105.00,55.83,0.48,-1,-1,-1
1652,652,480.00,354.33,194.67,141.33,0.45,-1,-1,-1
1653,650,633.33,291.83,105.33,56.83,0.48,-1,-1,-1
1653,652,480.33,353.67,194.67,142.00,0.45,-1,-1,-1
1654,650,633.33,292.33,105.33,56.33,0.48,-1,-1,-1
1654,652,488.67,357.33,199.33,143.33,0.48,-1,-1,-1
1655,650,633.33,292.17,105.33,56.50,0.48,-1,-1,-1
1655,652,506.67,363.67,211.33,150.00,0.48,-1,-1,-1
1656,650,633.33,292.17,105.33,55.83,0.48,-1,-1,-1
1656,652,562.00,385.00,240.00,168.00,0.46,-1,-1,-1
1657,650,632.33,292.67,104.33,55.00,0.47,-1,-1,-1
1657,652,696.00,441.33,333.33,224.67,0.48,-1,-1,-1
1658,650,622.67,290.50,102.67,54.83,0.46,-1,-1,-1
1659,650,606.00,286.50,98.00,53.50,0.47,-1,-1,-1
1660,650,606.00,286.50,98.00,53.50,0.47,-1,-1,-1
1661,650,519.00,268.00,76.67,45.67,0.45,-1,-1,-1
1662,650,519.00,268.00,76.67,45.67,0.44,-1,-1,-1
1663,655,288.67,272.00,67.33,42.67,0.45,-1,-1,-1
1663,656,350.67,304.17,94.67,67.83,0.44,-1,-1,-1
1664,657,428.00,340.33,129.33,91.33,0.47,-1,-1,-1
1664,658,232.00,284.83,77.33,65.50,0.44,-1,-1,-1
1665,657,437.67,318.83,114.00,79.17,0.39,-1,-1,-1
1665,659,269.00,306.00,101.67,88.00,0.48,-1,-1,-1
1665,660,589.67,412.33,202.33,136.00,0.46,-1,-1,-1
1666,660,618.33,396.00,199.00,111.33,0.47,-1,-1,-1
1666,661,996.00,357.33,188.00,84.00,0.44,-1,-1,-1
1666,662,963.33,596.67,313.33,120.67,0.40,-1,-1,-1
1667,663,878.67,492.67,337.33,190.67,0.49,-1,-1,-1
1667,664,851.33,326.67,156.00,72.00,0.47,-1,-1,-1
1668,663,879.33,492.67,337.33,190.67,0.49,-1,-1,-1
1668,664,851.33,326.83,156.00,72.17,0.47,-1,-1,-1
1669,664,560.00,267.17,87.33,47.33,0.38,-1,-1,-1
1670,664,560.00,267.17,87.33,47.33,0.38,-1,-1,-1
1674,665,483.33,307.33,144.00,92.67,0.45,-1,-1,-1
1675,665,527.00,321.67,155.33,98.00,0.42,-1,-1,-1
1676,665,565.33,330.00,161.33,107.33,0.44,-1,-1,-1
1677,665,583.67,340.67,175.67,108.00,0.46,-1,-1,-1
1678,665,591.33,341.33,176.00,111.33,0.46,-1,-1,-1
1679,665,593.00,341.67,175.00,112.00,0.46,-1,-1,-1
1680,665,593.33,341.67,174.67,112.67,0.46,-1,-1,-1
1681,665,594.00,342.00,177.33,112.00,0.46,-1,-1,-1
1682,665,594.00,341.33,175.33,113.33,0.46,-1,-1,-1
1683,665,594.00,341.67,174.67,112.67,0.46,-1,-1,-1
1684,665,594.33,344.33,169.67,110.67,0.48,-1,-1,-1
1685,665,594.00,344.00,170.00,110.67,0.47,-1,-1,-1
1686,665,594.00,344.00,170.67,111.33,0.47,-1,-1,-1
1687,665,595.00,342.00,173.67,112.67,0.46,-1,-1,-1
1688,665,595.00,341.33,173.67,113.33,0.46,-1,-1,-1
1689,665,594.67,342.33,174.00,110.00,0.46,-1,-1,-1
1690,665,594.67,342.67,174.00,109.33,0.46,-1,-1,-1
1691,665,594.67,340.67,172.00,113.33,0.47,-1,-1,-1
1692,665,594.67,345.33,172.00,108.67,0.45,-1,-1,-1
1693,665,594.67,342.00,172.00,112.67,0.46,-1,-1,-1
1694,665,594.67,342.67,171.33,112.00,0.46,-1,-1,-1
1695,665,594.33,342.67,172.33,112.00,0.46,-1,-1,-1
1696,665,594.67,342.33,172.00,112.00,0.47,-1,-1,-1
1697,665,594.67,342.33,172.00,112.00,0.46,-1,-1,-1
1698,665,594.33,342.67,173.00,112.00,0.46,-1,-1,-1
1699,665,595.00,342.00,170.33,112.67,0.46,-1,-1,-1
1700,665,598.67,342.67,176.00,112.67,0.46,-1,-1,-1
1701,665,610.00,344.67,181.33,117.33,0.44,-1,-1,-1
1702,665,610.67,344.67,181.33,117.33,0.44,-1,-1,-1
1703,665,688.00,371.33,218.67,114.67,0.48,-1,-1,-1
1704,665,688.00,371.33,218.67,114.67,0.48,-1,-1,-1
1705,666,1102.67,398.00,177.33,124.00,0.46,-1,-1,-1
1718,667,0.00,579.33,202.00,140.67,0.41,-1,-1,-1
1719,668,90.50,554.33,349.50,163.00,0.48,-1,-1,-1
1720,668,264.33,532.00,321.33,168.00,0.47,-1,-1,-1
1721,668,502.00,503.00,278.00,151.33,0.48,-1,-1,-1
1722,668,502.33,503.00,277.67,151.33,0.48,-1,-1,-1
1723,668,838.67,446.00,189.33,118.00,0.46,-1,-1,-1
1724,668,838.67,446.00,189.33,118.00,0.46,-1,-1,-1
1725,669,1002.00,387.67,96.00,90.67,0.44,-1,-1,-1
1726,669,1006.00,368.67,86.67,76.00,0.43,-1,-1,-1
1727,669,975.33,355.00,98.67,70.00,0.48,-1,-1,-1
1728,669,936.00,341.00,101.33,65.33,0.46,-1,-1,-1
1729,669,890.67,325.50,106.67,65.50,0.41,-1,-1,-1
1730,669,848.00,318.83,102.67,59.83,0.44,-1,-1,-1
1731,669,819.33,312.00,105.33,59.33,0.35,-1,-1,-1
1732,669,820.00,312.00,104.00,59.33,0.35,-1,-1,-1
1733,669,755.33,295.50,101.33,58.83,0.39,-1,-1,-1
1734,669,756.00,295.83,100.00,58.83,0.39,-1,-1,-1
1735,669,710.00,292.17,90.67,49.17,0.38,-1,-1,-1
1736,669,699.33,289.33,88.00,49.33,0.41,-1,-1,-1
1737,669,691.33,288.17,86.67,48.33,0.40,-1,-1,-1
1738,669,684.67,286.83,85.33,48.00,0.39,-1,-1,-1
1739,669,678.00,284.17,85.33,49.33,0.40,-1,-1,-1
1740,669,670.67,283.67,84.00,48.33,0.39,-1,-1,-1
1741,669,666.00,284.33,80.00,44.67,0.43,-1,-1,-1
1742,669,653.33,282.67,77.33,43.00,0.43,-1,-1,-1
1743,669,639.67,279.83,77.00,42.33,0.41,-1,-1,-1
1744,669,639.33,279.83,77.33,42.33,0.41,-1,-1,-1
1745,669,581.33,267.67,68.00,41.33,0.32,-1,-1,-1
1746,669,581.33,267.67,68.00,41.33,0.31,-1,-1,-1
1747,670,1027.33,374.67,208.00,80.67,0.47,-1,-1,-1
1747,671,497.33,253.67,55.33,34.67,0.40,-1,-1,-1
1747,672,319.33,288.17,90.00,60.17,0.40,-1,-1,-1
1748,673,424.00,332.00,135.33,86.00,0.47,-1,-1,-1
1748,674,784.67,319.83,140.00,62.83,0.43,-1,-1,-1
1748,675,6.83,261.33,88.50,44.33,0.41,-1,-1,-1
1749,676,702.67,446.00,270.67,158.67,0.48,-1,-1,-1
1749,677,982.00,380.67,213.33,104.00,0.43,-1,-1,-1
1750,678,788.00,331.00,162.67,84.67,0.46,-1,-1,-1
1750,679,238.17,298.50,75.00,58.17,0.40,-1,-1,-1
1751,680,266.17,316.00,93.50,70.67,0.44,-1,-1,-1
1751,681,686.00,306.17,133.33,73.50,0.43,-1,-1,-1
1752,680,266.17,316.00,93.83,70.67,0.44,-1,-1,-1
1752,681,686.00,306.17,133.33,73.83,0.43,-1,-1,-1
1753,681,462.33,263.17,76.67,45.33,0.30,-1,-1,-1
1753,682,484.00,454.00,219.33,158.00,0.46,-1,-1,-1
1753,683,325.33,273.00,81.33,57.67,0.43,-1,-1,-1
1754,681,462.33,263.17,76.67,45.33,0.29,-1,-1,-1
1754,682,484.00,454.33,219.33,158.00,0.46,-1,-1,-1
1754,683,325.33,273.00,81.33,57.67,0.43,-1,-1,-1
1755,683,508.67,324.00,146.00,92.67,0.49,-1,-1,-1
1756,684,590.00,346.00,174.00,113.33,0.45,-1,-1,-1
1757,684,640.00,367.33,189.33,116.00,0.47,-1,-1,-1
1758,684,651.67,369.00,196.33,119.33,0.47,-1,-1,-1
1759,684,653.00,369.33,196.33,118.67,0.47,-1,-1,-1
1760,684,652.67,369.00,196.00,118.67,0.47,-1,-1,-1
1761,684,652.67,369.00,196.00,118.67,0.47,-1,-1,-1
1762,684,652.67,369.33,196.00,118.67,0.47,-1,-1,-1
1763,684,652.33,369.67,197.00,118.00,0.47,-1,-1,-1
1764,684,652.67,369.00,196.00,118.67,0.47,-1,-1,-1
1765,684,653.33,369.33,194.67,118.00,0.47,-1,-1,-1
1766,684,653.00,369.33,195.00,118.00,0.47,-1,-1,-1
1767,684,653.33,369.67,194.67,118.00,0.47,-1,-1,-1
1768,684,653.33,369.67,194.67,118.00,0.47,-1,-1,-1
1769,684,653.33,369.00,194.67,119.33,0.47,-1,-1,-1
1770,684,652.67,369.67,196.00,118.67,0.47,-1,-1,-1
1771,684,653.33,369.67,194.67,118.67,0.47,-1,-1,-1
1772,684,654.00,369.67,194.67,118.67,0.48,-1,-1,-1
1773,684,653.33,369.00,194.67,119.33,0.47,-1,-1,-1
1774,684,653.67,369.33,194.33,118.67,0.47,-1,-1,-1
1775,684,653.00,370.00,193.00,118.67,0.47,-1,-1,-1
1776,684,653.67,370.00,193.00,118.67,0.47,-1,-1,-1
1777,684,653.00,369.33,194.33,118.67,0.47,-1,-1,-1
1778,684,653.00,369.33,194.33,118.67,0.47,-1,-1,-1
1779,684,653.00,369.33,195.00,119.33,0.47,-1,-1,-1
1780,684,652.67,369.33,194.67,119.33,0.47,-1,-1,-1
1781,684,653.33,369.33,194.67,119.33,0.47,-1,-1,-1
1782,684,653.33,369.33,194.67,119.33,0.47,-1,-1,-1
1783,684,653.33,369.00,194.67,119.33,0.47,-1,-1,-1
1784,684,653.33,369.33,194.67,118.67,0.47,-1,-1,-1
1785,684,652.67,369.67,194.67,118.67,0.47,-1,-1,-1
1786,684,656.00,370.33,193.33,118.00,0.47,-1,-1,-1
1787,684,676.67,377.67,202.67,118.00,0.48,-1,-1,-1
1788,684,726.00,388.00,229.33,126.67,0.48,-1,-1,-1
1789,684,838.67,404.33,261.33,133.33,0.49,-1,-1,-1
1790,684,1038.67,427.67,241.33,129.33,0.47,-1,-1,-1
1801,685,283.33,145.33,107.00,122.33,0.51,-1,-1,-1
1801,686,264.33,250.33,90.67,87.33,0.46,-1,-1,-1
1802,685,281.33,145.00,108.33,121.33,0.51,-1,-1,-1
1802,686,263.67,249.50,90.67,87.67,0.45,-1,-1,-1
1803,685,280.67,144.67,109.67,126.67,0.49,-1,-1,-1
1803,686,264.17,252.67,92.83,84.33,0.48,-1,-1,-1
1804,685,280.33,144.58,110.33,122.42,0.51,-1,-1,-1
1804,686,263.83,249.33,92.17,87.33,0.45,-1,-1,-1
1804,687,922.00,144.83,68.00,31.33,0.42,-1,-1,-1
1805,685,282.33,145.67,106.67,126.33,0.48,-1,-1,-1
1805,686,264.17,251.83,92.50,85.33,0.48,-1,-1,-1
1806,685,282.00,146.00,106.33,121.67,0.52,-1,-1,-1
1806,686,264.33,250.33,91.33,86.33,0.46,-1,-1,-1
1807,685,281.83,146.00,108.17,125.00,0.50,-1,-1,-1
1807,686,264.50,252.00,91.50,86.00,0.46,-1,-1,-1
1808,685,283.00,145.17,105.33,124.67,0.50,-1,-1,-1
1808,686,264.33,252.00,90.33,85.33,0.46,-1,-1,-1
1809,685,282.33,144.83,106.67,122.33,0.52,-1,-1,-1
1809,686,264.00,249.83,91.67,86.67,0.45,-1,-1,-1
1810,685,281.00,144.83,107.33,126.33,0.49,-1,-1,-1
1810,686,264.00,254.17,94.00,84.00,0.48,-1,-1,-1
1811,685,277.67,147.50,109.67,124.00,0.50,-1,-1,-1
1811,686,262.33,258.67,89.67,83.33,0.45,-1,-1,-1
1812,685,277.00,147.75,112.00,127.92,0.47,-1,-1,-1
1812,686,263.00,266.50,101.00,94.83,0.48,-1,-1,-1
1813,685,278.83,146.67,110.50,137.67,0.47,-1,-1,-1
1813,686,278.67,281.17,145.33,114.50,0.46,-1,-1,-1
1814,685,258.17,150.67,131.83,164.00,0.46,-1,-1,-1
1814,688,331.33,310.50,235.33,131.50,0.47,-1,-1,-1
1815,685,235.33,155.58,158.67,183.75,0.48,-1,-1,-1
1815,689,503.00,348.67,334.33,147.33,0.48,-1,-1,-1
1816,685,230.67,160.25,158.67,221.75,0.45,-1,-1,-1
1816,690,861.33,390.33,385.33,148.67,0.45,-1,-1,-1
1817,685,259.00,175.83,223.33,258.17,0.42,-1,-1,-1
1818,685,249.33,193.33,449.33,306.67,0.19,-1,-1,-1
1819,685,374.67,220.83,557.33,299.83,0.18,-1,-1,-1
1820,685,600.67,240.33,565.33,296.00,0.10,-1,-1,-1
1821,685,644.67,248.33,518.67,260.00,0.17,-1,-1,-1
1822,685,997.33,282.67,282.67,233.33,0.47,-1,-1,-1
1839,691,418.00,150.58,86.67,31.08,0.44,-1,-1,-1
1843,692,273.33,150.08,87.67,30.92,0.42,-1,-1,-1
1845,693,358.33,145.33,82.00,31.50,0.40,-1,-1,-1
1851,694,215.67,322.50,388.00,154.83,0.42,-1,-1,-1
1859,695,423.67,321.83,305.67,107.83,0.49,-1,-1,-1
1860,696,1074.67,320.00,205.33,92.67,0.47,-1,-1,-1
1863,697,0.62,468.67,156.71,177.33,0.41,-1,-1,-1
1864,698,616.67,457.33,448.00,163.33,0.40,-1,-1,-1
1865,699,603.67,362.67,345.67,146.67,0.50,-1,-1,-1
1865,700,0.00,473.33,327.83,180.00,0.41,-1,-1,-1
1868,701,965.33,328.00,312.00,148.67,0.45,-1,-1,-1
1904,702,517.67,523.00,255.00,197.00,0.48,-1,-1,-1
1905,703,495.00,418.00,190.33,168.00,0.48,-1,-1,-1
1906,704,471.33,341.33,147.33,121.33,0.48,-1,-1,-1
1906,705,569.33,553.00,297.33,166.33,0.44,-1,-1,-1
1907,706,457.00,283.83,112.67,90.83,0.49,-1,-1,-1
1907,707,537.00,416.00,211.67,213.33,0.44,-1,-1,-1
1908,708,503.00,331.17,160.67,145.50,0.46,-1,-1,-1
1909,709,481.33,268.33,118.67,111.00,0.41,-1,-1,-1
1914,710,221.50,155.08,86.33,31.92,0.41,-1,-1,-1
1927,711,0.75,300.67,216.25,216.67,0.44,-1,-1,-1
1931,712,1044.00,283.17,236.00,203.50,0.42,-1,-1,-1
1940,713,948.00,433.00,332.00,174.67,0.49,-1,-1,-1
1941,714,105.83,348.33,304.17,112.00,0.44,-1,-1,-1
1942,715,1002.67,333.33,274.67,111.33,0.48,-1,-1,-1
1945,716,321.00,325.33,318.67,132.00,0.50,-1,-1,-1
1971,717,168.17,145.92,93.67,34.42,0.41,-1,-1,-1
2018,718,286.50,194.50,77.17,76.33,0.42,-1,-1,-1
2019,718,285.17,209.50,78.17,83.00,0.47,-1,-1,-1
2020,718,279.17,224.00,83.83,86.67,0.45,-1,-1,-1
2021,719,277.67,230.17,81.00,91.33,0.47,-1,-1,-1
2022,719,278.33,232.33,81.67,92.67,0.49,-1,-1,-1
2023,719,278.33,233.33,80.67,92.00,0.48,-1,-1,-1
2024,719,278.67,235.33,80.33,90.00,0.49,-1,-1,-1
2025,719,279.67,235.00,79.00,89.67,0.50,-1,-1,-1
2026,719,279.33,235.00,79.33,89.33,0.50,-1,-1,-1
2027,719,279.50,234.67,78.50,90.00,0.50,-1,-1,-1
2028,719,279.83,235.17,77.83,88.67,0.50,-1,-1,-1
2029,719,279.67,234.33,78.00,90.67,0.50,-1,-1,-1
2030,719,279.33,234.33,78.33,91.00,0.50,-1,-1,-1
2031,719,280.17,235.33,77.83,89.00,0.50,-1,-1,-1
2032,719,280.00,235.33,78.67,89.33,0.50,-1,-1,-1
2033,719,279.67,234.67,78.67,90.33,0.50,-1,-1,-1
2034,719,279.67,234.67,78.33,90.67,0.50,-1,-1,-1
2035,719,279.00,234.00,79.00,92.33,0.50,-1,-1,-1
2036,719,279.50,233.83,79.17,93.67,0.50,-1,-1,-1
2037,719,278.50,234.67,79.83,93.67,0.50,-1,-1,-1
2038,719,278.50,234.50,80.50,95.33,0.50,-1,-1,-1
2039,719,277.33,236.17,81.33,93.67,0.48,-1,-1,-1
2040,719,276.00,234.67,84.00,93.67,0.45,-1,-1,-1
2041,719,276.33,234.83,83.33,94.67,0.49,-1,-1,-1
2042,719,277.17,235.00,85.17,96.33,0.48,-1,-1,-1
2043,719,277.17,234.50,81.50,95.67,0.49,-1,-1,-1
2044,719,277.67,234.50,81.33,95.67,0.49,-1,-1,-1
2045,719,278.17,234.67,80.83,95.33,0.49,-1,-1,-1
2046,719,277.33,234.67,82.33,93.67,0.50,-1,-1,-1
2047,719,278.00,236.50,81.33,93.33,0.49,-1,-1,-1
2047,720,981.33,409.67,298.67,145.33,0.48,-1,-1,-1
2048,719,277.67,235.17,81.67,94.33,0.49,-1,-1,-1
2048,721,461.67,357.00,365.00,131.33,0.48,-1,-1,-1
2049,719,277.67,235.67,81.33,94.00,0.49,-1,-1,-1
2050,719,277.50,234.83,81.50,95.67,0.49,-1,-1,-1
2051,719,277.17,234.50,81.50,96.33,0.49,-1,-1,-1
2052,719,277.17,235.00,81.83,95.67,0.49,-1,-1,-1
2053,719,278.33,235.00,81.00,95.33,0.49,-1,-1,-1
2054,719,278.00,235.00,82.00,95.33,0.49,-1,-1,-1
2055,719,278.00,236.67,84.33,94.67,0.49,-1,-1,-1
2055,722,278.33,141.08,86.33,37.58,0.41,-1,-1,-1
2056,719,277.83,236.50,84.50,95.00,0.49,-1,-1,-1
2056,722,304.50,143.50,88.17,31.00,0.34,-1,-1,-1
2057,719,277.67,236.33,84.00,96.00,0.48,-1,-1,-1
2058,719,277.67,235.67,84.33,96.67,0.48,-1,-1,-1
2059,719,278.17,235.83,83.17,96.00,0.48,-1,-1,-1
2060,719,278.00,236.00,83.00,95.67,0.48,-1,-1,-1
2061,719,276.67,235.33,81.33,95.00,0.49,-1,-1,-1
2062,719,273.83,234.67,91.17,99.33,0.39,-1,-1,-1
2063,719,275.50,233.00,89.17,101.00,0.44,-1,-1,-1
2064,719,275.00,235.33,89.00,98.67,0.46,-1,-1,-1
2065,719,275.17,234.67,87.50,99.00,0.48,-1,-1,-1
2066,719,274.00,233.67,91.33,100.00,0.39,-1,-1,-1
2067,719,275.67,238.33,93.00,97.33,0.43,-1,-1,-1
2068,719,271.33,247.83,97.67,97.50,0.35,-1,-1,-1
2069,719,269.83,254.33,96.83,97.67,0.47,-1,-1,-1
2070,719,262.50,259.67,111.17,109.67,0.39,-1,-1,-1
2070,723,496.33,557.00,281.00,163.00,0.43,-1,-1,-1
2071,719,256.33,270.00,116.33,115.00,0.36,-1,-1,-1
2071,724,467.33,412.00,194.67,190.00,0.47,-1,-1,-1
2072,719,250.33,287.67,128.67,132.67,0.45,-1,-1,-1
2072,725,456.67,323.17,132.67,123.17,0.49,-1,-1,-1
2073,719,275.67,310.50,177.33,144.50,0.39,-1,-1,-1
2073,726,444.00,264.17,102.00,85.83,0.49,-1,-1,-1
2074,727,366.67,340.00,274.67,160.67,0.49,-1,-1,-1
2075,728,643.33,381.00,334.67,164.67,0.47,-1,-1,-1
2076,729,1067.33,405.67,212.67,152.00,0.44,-1,-1,-1
2080,730,293.00,153.00,87.33,32.67,0.46,-1,-1,-1
2100,731,216.50,146.42,88.33,29.58,0.43,-1,-1,-1
2101,732,61.04,151.33,77.96,29.67,0.43,-1,-1,-1
2112,733,101.33,374.00,350.33,132.00,0.47,-1,-1,-1
2113,734,954.67,367.67,318.67,118.67,0.48,-1,-1,-1
2139,735,265.83,148.00,79.83,29.67,0.40,-1,-1,-1
2155,736,500.67,386.00,169.33,164.67,0.44,-1,-1,-1
2156,737,480.67,294.33,122.00,104.00,0.44,-1,-1,-1
2157,738,451.67,234.00,102.00,82.67,0.43,-1,-1,-1
2281,739,642.33,271.17,199.00,150.83,0.48,-1,-1,-1
2282,740,512.67,241.50,96.67,92.33,0.47,-1,-1,-1
2368,741,622.67,308.50,142.67,77.50,0.45,-1,-1,-1
2369,742,484.67,265.67,71.33,45.00,0.46,-1,-1,-1
2401,743,43.21,403.00,153.62,164.67,0.45,-1,-1,-1
2402,744,0.00,481.00,184.67,231.67,0.48,-1,-1,-1
2403,744,0.00,582.00,164.17,138.00,0.43,-1,-1,-1
2447,745,690.67,323.33,253.33,188.00,0.46,-1,-1,-1
2448,746,530.00,278.17,131.33,109.17,0.45,-1,-1,-1
2449,747,456.00,259.50,79.33,76.67,0.44,-1,-1,-1
2454,748,820.00,374.00,336.00,235.33,0.46,-1,-1,-1
2455,749,557.67,290.17,135.00,110.50,0.50,-1,-1,-1
2456,750,460.00,259.00,76.00,74.00,0.47,-1,-1,-1
2486,751,18.75,334.67,127.50,106.00,0.40,-1,-1,-1
2487,752,0.00,376.33,95.17,152.67,0.48,-1,-1,-1
